1,96,1292,359,403,161,1,-1,-1,-1
1,239,664,324,427,183,1,-1,-1,-1
2,96,1230,360,406,160,1,-1,-1,-1
2,239,581,328,420,182,1,-1,-1,-1
3,96,1168,362,409,160,1,-1,-1,-1
3,239,498,333,415,182,1,-1,-1,-1
4,96,1087,363,427,164,1,-1,-1,-1
4,121,757,280,143,120,1,-1,-1,-1
4,239,415,338,409,180,1,-1,-1,-1
5,96,1067,364,440,165,1,-1,-1,-1
5,121,757,280,143,120,1,-1,-1,-1
5,239,333,343,404,180,1,-1,-1,-1
6,96,1012,363,414,166,1,-1,-1,-1
6,121,757,280,143,120,1,-1,-1,-1
6,239,250,348,397,179,1,-1,-1,-1
7,96,937,365,418,169,1,-1,-1,-1
7,121,757,280,143,120,1,-1,-1,-1
7,239,167,353,392,179,1,-1,-1,-1
8,96,870,364,405,174,1,-1,-1,-1
8,121,757,280,143,120,1,-1,-1,-1
8,239,84,358,386,178,1,-1,-1,-1
9,96,781,389,439,165,1,-1,-1,-1
9,121,757,280,143,120,1,-1,-1,-1
9,239,2,363,381,178,1,-1,-1,-1
10,96,697,391,459,163,1,-1,-1,-1
10,121,757,280,143,120,1,-1,-1,-1
11,96,624,391,458,165,1,-1,-1,-1
11,97,1452,294,431,176,1,-1,-1,-1
11,121,757,280,143,120,1,-1,-1,-1
12,96,592,390,504,168,1,-1,-1,-1
12,97,1367,294,454,178,1,-1,-1,-1
12,121,757,280,143,120,1,-1,-1,-1
13,96,482,402,449,157,1,-1,-1,-1
13,97,1299,294,440,178,1,-1,-1,-1
13,121,757,280,143,120,1,-1,-1,-1
14,96,443,405,503,160,1,-1,-1,-1
14,97,1235,293,424,179,1,-1,-1,-1
14,121,757,280,143,120,1,-1,-1,-1
15,96,354,410,532,156,1,-1,-1,-1
15,97,1193,298,483,171,1,-1,-1,-1
15,121,757,280,143,120,1,-1,-1,-1
16,96,263,413,442,162,1,-1,-1,-1
16,97,1039,313,515,168,1,-1,-1,-1
16,121,757,280,143,120,1,-1,-1,-1
17,96,212,417,523,156,1,-1,-1,-1
17,97,1021,314,534,168,1,-1,-1,-1
17,121,757,280,143,120,1,-1,-1,-1
18,96,118,424,432,157,1,-1,-1,-1
18,97,936,317,528,169,1,-1,-1,-1
18,121,757,280,143,120,1,-1,-1,-1
19,96,72,425,502,154,1,-1,-1,-1
19,97,852,321,523,172,1,-1,-1,-1
19,121,757,280,143,120,1,-1,-1,-1
20,96,0,430,388,165,1,-1,-1,-1
20,97,768,325,517,173,1,-1,-1,-1
21,97,684,328,512,175,1,-1,-1,-1
21,98,1496,340,424,169,1,-1,-1,-1
22,97,600,332,505,177,1,-1,-1,-1
22,98,1427,341,459,173,1,-1,-1,-1
23,97,515,336,499,178,1,-1,-1,-1
23,98,1372,340,426,177,1,-1,-1,-1
24,97,432,339,494,180,1,-1,-1,-1
24,98,1294,340,435,180,1,-1,-1,-1
25,97,347,343,488,182,1,-1,-1,-1
25,98,1226,339,424,182,1,-1,-1,-1
25,121,757,280,143,120,1,-1,-1,-1
26,97,263,347,483,184,1,-1,-1,-1
26,98,1152,340,427,180,1,-1,-1,-1
26,121,757,280,143,120,1,-1,-1,-1
27,97,178,350,477,185,1,-1,-1,-1
27,98,990,344,470,179,1,-1,-1,-1
27,121,757,280,143,120,1,-1,-1,-1
28,97,95,354,472,187,1,-1,-1,-1
28,98,1000,344,432,184,1,-1,-1,-1
28,121,757,280,143,120,1,-1,-1,-1
29,97,11,357,466,189,1,-1,-1,-1
29,98,840,345,472,187,1,-1,-1,-1
29,121,757,280,143,120,1,-1,-1,-1
30,98,838,343,457,196,1,-1,-1,-1
30,121,757,280,143,120,1,-1,-1,-1
31,98,772,343,443,198,1,-1,-1,-1
32,98,684,347,466,194,1,-1,-1,-1
33,98,597,366,492,186,1,-1,-1,-1
33,121,757,280,143,120,1,-1,-1,-1
34,98,510,384,517,177,1,-1,-1,-1
34,121,757,280,143,120,1,-1,-1,-1
35,98,312,393,504,171,1,-1,-1,-1
35,121,757,280,143,120,1,-1,-1,-1
36,98,234,394,507,173,1,-1,-1,-1
36,121,757,280,143,120,1,-1,-1,-1
37,98,156,397,514,175,1,-1,-1,-1
37,99,1524,345,396,161,1,-1,-1,-1
37,121,757,280,143,120,1,-1,-1,-1
38,98,90,405,494,169,1,-1,-1,-1
38,99,1455,344,415,161,1,-1,-1,-1
38,121,757,280,143,120,1,-1,-1,-1
39,98,90,406,472,173,1,-1,-1,-1
39,99,1378,342,427,163,1,-1,-1,-1
39,121,757,280,143,120,1,-1,-1,-1
40,98,0,409,387,187,1,-1,-1,-1
40,99,1310,342,411,166,1,-1,-1,-1
40,121,757,280,143,120,1,-1,-1,-1
41,99,1116,350,523,160,1,-1,-1,-1
41,121,757,280,143,120,1,-1,-1,-1
42,99,1039,352,531,161,1,-1,-1,-1
42,121,757,280,143,120,1,-1,-1,-1
43,99,972,349,512,167,1,-1,-1,-1
43,103,1540,314,371,150,1,-1,-1,-1
43,121,757,280,143,120,1,-1,-1,-1
44,99,904,349,493,173,1,-1,-1,-1
44,103,1470,316,372,150,1,-1,-1,-1
44,121,757,280,143,120,1,-1,-1,-1
45,99,813,347,521,182,1,-1,-1,-1
45,103,1401,319,374,150,1,-1,-1,-1
45,121,757,280,143,120,1,-1,-1,-1
46,99,810,353,510,177,1,-1,-1,-1
46,103,1332,321,376,150,1,-1,-1,-1
46,121,757,280,143,120,1,-1,-1,-1
47,99,738,353,505,175,1,-1,-1,-1
47,103,1263,324,377,150,1,-1,-1,-1
48,99,670,352,497,177,1,-1,-1,-1
48,103,1194,327,380,150,1,-1,-1,-1
49,99,512,373,529,168,1,-1,-1,-1
49,103,1124,329,382,150,1,-1,-1,-1
49,121,757,280,143,120,1,-1,-1,-1
50,99,353,395,561,160,1,-1,-1,-1
50,103,1055,332,383,150,1,-1,-1,-1
50,121,757,280,143,120,1,-1,-1,-1
51,99,294,397,530,163,1,-1,-1,-1
51,103,986,334,385,150,1,-1,-1,-1
51,121,757,280,143,121,1,-1,-1,-1
52,99,281,396,536,169,1,-1,-1,-1
52,103,916,337,387,150,1,-1,-1,-1
52,121,757,280,143,121,1,-1,-1,-1
53,99,204,404,540,164,1,-1,-1,-1
53,103,847,340,389,150,1,-1,-1,-1
53,121,757,280,143,121,1,-1,-1,-1
54,99,11,415,509,165,1,-1,-1,-1
54,103,775,343,385,150,1,-1,-1,-1
55,99,0,416,445,171,1,-1,-1,-1
55,103,702,347,381,151,1,-1,-1,-1
56,100,1441,331,454,183,1,-1,-1,-1
56,103,630,351,377,151,1,-1,-1,-1
57,100,1352,331,466,188,1,-1,-1,-1
57,103,557,355,373,152,1,-1,-1,-1
58,100,1262,332,479,194,1,-1,-1,-1
58,103,485,359,370,152,1,-1,-1,-1
58,121,757,280,143,121,1,-1,-1,-1
59,100,1173,332,492,199,1,-1,-1,-1
59,103,412,363,365,153,1,-1,-1,-1
59,121,757,280,143,121,1,-1,-1,-1
60,100,1083,333,504,205,1,-1,-1,-1
60,103,340,366,361,154,1,-1,-1,-1
60,121,757,280,143,121,1,-1,-1,-1
61,100,994,333,516,210,1,-1,-1,-1
61,103,268,370,358,154,1,-1,-1,-1
61,121,757,280,143,121,1,-1,-1,-1
62,100,904,334,529,216,1,-1,-1,-1
62,103,195,374,353,155,1,-1,-1,-1
62,121,757,280,143,121,1,-1,-1,-1
63,100,813,341,534,210,1,-1,-1,-1
63,103,123,378,350,155,1,-1,-1,-1
63,121,756,280,144,121,1,-1,-1,-1
64,100,722,350,538,206,1,-1,-1,-1
64,101,1556,307,364,155,1,-1,-1,-1
64,103,50,382,345,156,1,-1,-1,-1
65,100,631,358,542,200,1,-1,-1,-1
65,101,1471,316,389,150,1,-1,-1,-1
65,103,0,386,337,157,1,-1,-1,-1
65,121,756,280,144,121,1,-1,-1,-1
66,100,540,366,547,196,1,-1,-1,-1
66,101,1386,325,408,144,1,-1,-1,-1
66,121,756,280,144,121,1,-1,-1,-1
67,100,449,373,551,191,1,-1,-1,-1
67,101,1302,335,428,139,1,-1,-1,-1
67,121,756,280,144,121,1,-1,-1,-1
68,100,359,382,556,186,1,-1,-1,-1
68,101,1219,338,433,139,1,-1,-1,-1
68,121,756,280,144,121,1,-1,-1,-1
69,100,268,390,560,182,1,-1,-1,-1
69,101,1136,341,438,139,1,-1,-1,-1
69,121,756,280,144,121,1,-1,-1,-1
70,100,55,403,564,176,1,-1,-1,-1
70,101,1053,344,443,139,1,-1,-1,-1
70,121,756,280,144,121,1,-1,-1,-1
71,100,95,396,457,189,1,-1,-1,-1
71,101,970,348,449,139,1,-1,-1,-1
71,121,756,280,144,121,1,-1,-1,-1
72,100,0,405,411,198,1,-1,-1,-1
72,101,886,351,454,139,1,-1,-1,-1
72,121,756,280,144,121,1,-1,-1,-1
73,101,803,354,459,139,1,-1,-1,-1
73,121,756,280,144,121,1,-1,-1,-1
74,101,720,357,464,139,1,-1,-1,-1
75,101,637,361,470,139,1,-1,-1,-1
75,121,756,280,144,121,1,-1,-1,-1
76,101,554,364,475,139,1,-1,-1,-1
76,121,756,280,144,121,1,-1,-1,-1
77,101,471,367,481,139,1,-1,-1,-1
77,121,756,280,144,121,1,-1,-1,-1
78,101,388,370,485,139,1,-1,-1,-1
78,121,756,280,144,121,1,-1,-1,-1
79,101,305,374,491,139,1,-1,-1,-1
79,121,756,280,144,121,1,-1,-1,-1
80,101,227,379,457,141,1,-1,-1,-1
80,121,756,280,144,121,1,-1,-1,-1
81,101,150,384,424,144,1,-1,-1,-1
81,102,1521,342,399,171,1,-1,-1,-1
81,121,756,280,144,121,1,-1,-1,-1
82,101,72,390,389,146,1,-1,-1,-1
82,102,1416,344,475,164,1,-1,-1,-1
82,121,756,280,144,121,1,-1,-1,-1
83,101,0,396,356,150,1,-1,-1,-1
83,102,1320,344,529,161,1,-1,-1,-1
83,121,756,280,144,121,1,-1,-1,-1
84,102,1107,352,531,165,1,-1,-1,-1
84,121,756,280,144,121,1,-1,-1,-1
85,102,1115,348,492,165,1,-1,-1,-1
85,121,756,280,144,121,1,-1,-1,-1
86,102,899,350,503,176,1,-1,-1,-1
86,121,756,280,144,121,1,-1,-1,-1
87,102,888,351,506,174,1,-1,-1,-1
87,104,1555,297,365,164,1,-1,-1,-1
87,121,756,280,144,121,1,-1,-1,-1
88,102,687,350,480,185,1,-1,-1,-1
88,104,1470,298,373,166,1,-1,-1,-1
89,102,670,351,501,184,1,-1,-1,-1
89,104,1386,300,378,167,1,-1,-1,-1
90,102,429,395,556,165,1,-1,-1,-1
90,104,1301,302,384,169,1,-1,-1,-1
90,121,756,280,144,121,1,-1,-1,-1
91,102,424,393,546,171,1,-1,-1,-1
91,104,1216,303,391,171,1,-1,-1,-1
91,121,756,280,144,121,1,-1,-1,-1
92,102,223,408,521,164,1,-1,-1,-1
92,104,1131,305,396,173,1,-1,-1,-1
92,121,756,280,144,121,1,-1,-1,-1
93,102,207,410,537,162,1,-1,-1,-1
93,104,1047,307,403,174,1,-1,-1,-1
93,121,756,280,144,121,1,-1,-1,-1
94,102,5,419,515,163,1,-1,-1,-1
94,104,961,308,408,176,1,-1,-1,-1
94,121,756,280,144,121,1,-1,-1,-1
95,102,0,422,434,166,1,-1,-1,-1
95,104,877,310,415,177,1,-1,-1,-1
95,121,756,280,144,121,1,-1,-1,-1
96,104,792,312,420,179,1,-1,-1,-1
97,104,708,314,427,182,1,-1,-1,-1
98,104,619,320,424,180,1,-1,-1,-1
99,104,531,326,421,180,1,-1,-1,-1
100,104,443,332,419,179,1,-1,-1,-1
101,104,355,339,417,179,1,-1,-1,-1
101,121,756,279,144,122,1,-1,-1,-1
102,104,266,345,414,179,1,-1,-1,-1
102,121,756,279,144,122,1,-1,-1,-1
103,104,178,351,411,178,1,-1,-1,-1
103,121,756,279,144,122,1,-1,-1,-1
104,104,90,357,409,178,1,-1,-1,-1
104,121,756,279,144,122,1,-1,-1,-1
105,104,2,364,407,178,1,-1,-1,-1
105,121,756,279,144,122,1,-1,-1,-1
106,121,756,279,144,122,1,-1,-1,-1
107,121,756,279,144,122,1,-1,-1,-1
108,121,755,278,144,122,1,-1,-1,-1
109,121,755,278,144,122,1,-1,-1,-1
110,121,755,278,144,122,1,-1,-1,-1
111,105,1517,296,403,164,1,-1,-1,-1
111,121,755,278,144,122,1,-1,-1,-1
112,105,1409,301,497,154,1,-1,-1,-1
112,121,755,278,144,122,1,-1,-1,-1
113,105,1295,306,507,154,1,-1,-1,-1
113,121,755,278,144,122,1,-1,-1,-1
114,105,1181,311,517,154,1,-1,-1,-1
114,121,755,278,144,122,1,-1,-1,-1
115,105,1066,316,528,155,1,-1,-1,-1
115,121,755,278,144,122,1,-1,-1,-1
116,105,952,321,538,155,1,-1,-1,-1
116,121,755,278,144,122,1,-1,-1,-1
117,105,837,326,548,155,1,-1,-1,-1
117,121,755,278,144,122,1,-1,-1,-1
118,105,723,331,559,156,1,-1,-1,-1
119,105,742,327,501,165,1,-1,-1,-1
120,105,593,333,516,162,1,-1,-1,-1
121,105,443,338,530,157,1,-1,-1,-1
122,105,437,339,521,161,1,-1,-1,-1
123,105,227,358,514,150,1,-1,-1,-1
123,121,755,278,144,122,1,-1,-1,-1
123,222,1624,278,296,113,1,-1,-1,-1
124,105,149,359,521,151,1,-1,-1,-1
124,121,755,278,144,122,1,-1,-1,-1
124,222,1583,275,310,114,1,-1,-1,-1
125,105,131,362,516,151,1,-1,-1,-1
125,121,755,278,145,122,1,-1,-1,-1
125,222,1543,273,307,116,1,-1,-1,-1
126,105,112,364,509,151,1,-1,-1,-1
126,121,755,278,145,122,1,-1,-1,-1
126,222,1503,271,303,118,1,-1,-1,-1
127,105,0,364,319,169,1,-1,-1,-1
127,121,755,278,145,122,1,-1,-1,-1
127,222,1462,269,299,119,1,-1,-1,-1
128,121,755,278,145,122,1,-1,-1,-1
128,222,1423,267,295,121,1,-1,-1,-1
129,121,755,278,145,122,1,-1,-1,-1
129,222,1383,264,292,122,1,-1,-1,-1
130,121,755,278,145,122,1,-1,-1,-1
130,222,1342,262,287,124,1,-1,-1,-1
131,121,755,278,145,122,1,-1,-1,-1
131,222,1302,260,284,125,1,-1,-1,-1
132,121,755,278,145,122,1,-1,-1,-1
132,222,1262,258,281,128,1,-1,-1,-1
133,121,755,278,145,122,1,-1,-1,-1
133,222,1238,255,275,125,1,-1,-1,-1
134,121,755,278,145,122,1,-1,-1,-1
134,222,1213,252,270,124,1,-1,-1,-1
135,121,755,278,145,122,1,-1,-1,-1
135,222,1188,249,265,123,1,-1,-1,-1
136,106,1447,326,473,195,1,-1,-1,-1
136,121,755,278,145,122,1,-1,-1,-1
136,222,1163,246,260,122,1,-1,-1,-1
137,106,1308,330,485,198,1,-1,-1,-1
137,121,755,278,145,122,1,-1,-1,-1
137,222,1138,244,254,121,1,-1,-1,-1
138,106,1169,335,493,202,1,-1,-1,-1
138,121,755,278,145,122,1,-1,-1,-1
138,222,1114,241,250,120,1,-1,-1,-1
139,106,1029,339,501,206,1,-1,-1,-1
139,121,755,278,145,122,1,-1,-1,-1
139,222,1089,238,244,119,1,-1,-1,-1
140,106,890,343,508,210,1,-1,-1,-1
140,121,755,278,145,122,1,-1,-1,-1
140,222,1064,235,239,118,1,-1,-1,-1
141,106,751,348,516,215,1,-1,-1,-1
141,222,1039,232,234,117,1,-1,-1,-1
142,106,620,355,505,213,1,-1,-1,-1
142,222,1015,229,229,116,1,-1,-1,-1
143,106,490,363,495,212,1,-1,-1,-1
143,121,755,278,145,122,1,-1,-1,-1
143,222,991,227,224,114,1,-1,-1,-1
144,106,360,371,485,212,1,-1,-1,-1
144,121,755,278,145,122,1,-1,-1,-1
144,222,965,225,223,112,1,-1,-1,-1
145,106,229,378,475,211,1,-1,-1,-1
145,121,755,278,145,122,1,-1,-1,-1
145,222,940,224,223,110,1,-1,-1,-1
146,106,99,386,465,210,1,-1,-1,-1
146,121,755,278,145,122,1,-1,-1,-1
146,222,914,223,223,109,1,-1,-1,-1
147,106,0,394,445,210,1,-1,-1,-1
147,121,755,278,145,122,1,-1,-1,-1
147,222,889,222,223,107,1,-1,-1,-1
148,121,755,278,145,122,1,-1,-1,-1
148,222,863,221,222,105,1,-1,-1,-1
149,121,755,278,145,122,1,-1,-1,-1
149,222,838,220,222,103,1,-1,-1,-1
150,121,755,278,145,123,1,-1,-1,-1
150,222,812,219,222,101,1,-1,-1,-1
151,121,755,278,145,123,1,-1,-1,-1
151,209,1456,327,464,196,1,-1,-1,-1
151,222,787,219,222,99,1,-1,-1,-1
152,121,755,278,145,123,1,-1,-1,-1
152,209,1309,332,474,198,1,-1,-1,-1
152,222,761,218,221,98,1,-1,-1,-1
153,121,755,278,145,123,1,-1,-1,-1
153,209,1163,337,480,200,1,-1,-1,-1
153,222,736,217,221,96,1,-1,-1,-1
154,121,755,278,145,123,1,-1,-1,-1
154,209,1018,342,485,202,1,-1,-1,-1
154,222,710,216,221,94,1,-1,-1,-1
155,121,755,278,145,123,1,-1,-1,-1
155,209,872,347,491,205,1,-1,-1,-1
155,222,685,215,221,92,1,-1,-1,-1
156,209,726,353,496,208,1,-1,-1,-1
156,222,654,214,221,91,1,-1,-1,-1
157,209,588,356,490,211,1,-1,-1,-1
157,222,624,214,221,91,1,-1,-1,-1
158,121,755,278,145,123,1,-1,-1,-1
158,209,449,360,483,215,1,-1,-1,-1
158,222,594,214,221,90,1,-1,-1,-1
159,209,310,364,477,219,1,-1,-1,-1
159,222,564,214,221,90,1,-1,-1,-1
160,107,561,343,488,178,1,-1,-1,-1
160,209,172,368,471,222,1,-1,-1,-1
160,222,533,214,221,89,1,-1,-1,-1
161,107,392,342,473,154,1,-1,-1,-1
161,209,34,373,465,227,1,-1,-1,-1
161,210,1344,301,501,221,1,-1,-1,-1
161,222,503,214,221,89,1,-1,-1,-1
162,107,357,340,534,158,1,-1,-1,-1
162,210,1196,309,505,220,1,-1,-1,-1
162,222,473,214,221,89,1,-1,-1,-1
163,107,167,350,481,166,1,-1,-1,-1
163,121,755,278,145,123,1,-1,-1,-1
163,210,1048,318,509,219,1,-1,-1,-1
163,222,443,214,221,88,1,-1,-1,-1
164,107,169,347,466,167,1,-1,-1,-1
164,121,755,278,145,123,1,-1,-1,-1
164,210,900,326,514,218,1,-1,-1,-1
164,222,412,214,221,88,1,-1,-1,-1
165,210,751,335,519,218,1,-1,-1,-1
165,222,382,214,221,87,1,-1,-1,-1
166,122,41,230,227,103,1,-1,-1,-1
166,210,607,341,514,220,1,-1,-1,-1
166,222,352,214,221,87,1,-1,-1,-1
167,122,57,229,227,103,1,-1,-1,-1
167,210,463,347,509,222,1,-1,-1,-1
167,222,322,214,222,87,1,-1,-1,-1
168,121,755,278,145,123,1,-1,-1,-1
168,122,74,229,228,103,1,-1,-1,-1
168,210,319,353,505,224,1,-1,-1,-1
168,222,288,216,219,86,1,-1,-1,-1
169,121,755,278,145,123,1,-1,-1,-1
169,122,90,228,229,105,1,-1,-1,-1
169,210,175,359,501,227,1,-1,-1,-1
170,121,755,278,145,123,1,-1,-1,-1
170,122,107,228,230,105,1,-1,-1,-1
170,210,31,365,496,229,1,-1,-1,-1
171,121,755,278,145,123,1,-1,-1,-1
171,122,122,227,231,106,1,-1,-1,-1
172,108,1447,301,473,224,1,-1,-1,-1
172,121,755,278,145,123,1,-1,-1,-1
172,122,139,227,232,106,1,-1,-1,-1
173,108,1300,307,524,222,1,-1,-1,-1
173,121,755,278,145,123,1,-1,-1,-1
173,122,156,226,233,107,1,-1,-1,-1
174,108,1154,314,541,220,1,-1,-1,-1
174,121,755,278,145,123,1,-1,-1,-1
174,122,172,226,234,107,1,-1,-1,-1
175,108,1009,321,558,218,1,-1,-1,-1
175,121,755,278,145,123,1,-1,-1,-1
175,122,189,225,235,108,1,-1,-1,-1
176,108,863,328,575,216,1,-1,-1,-1
176,121,755,278,145,123,1,-1,-1,-1
176,122,205,225,235,108,1,-1,-1,-1
177,108,720,337,571,215,1,-1,-1,-1
177,122,222,224,237,109,1,-1,-1,-1
178,108,578,346,568,213,1,-1,-1,-1
178,122,238,224,238,109,1,-1,-1,-1
179,108,435,355,564,212,1,-1,-1,-1
179,122,255,223,239,110,1,-1,-1,-1
180,108,294,364,561,211,1,-1,-1,-1
180,109,1104,140,816,347,1,-1,-1,-1
180,121,755,278,145,123,1,-1,-1,-1
180,122,272,223,240,110,1,-1,-1,-1
181,108,151,373,558,210,1,-1,-1,-1
181,109,990,180,816,321,1,-1,-1,-1
181,121,755,278,145,123,1,-1,-1,-1
181,122,288,222,241,111,1,-1,-1,-1
181,211,1566,337,354,182,1,-1,-1,-1
182,108,9,382,554,210,1,-1,-1,-1
182,109,854,179,820,328,1,-1,-1,-1
182,121,755,278,145,123,1,-1,-1,-1
182,122,305,222,242,111,1,-1,-1,-1
182,211,1416,342,383,183,1,-1,-1,-1
183,109,737,179,820,336,1,-1,-1,-1
183,122,321,221,243,112,1,-1,-1,-1
183,211,1267,347,387,184,1,-1,-1,-1
184,122,338,221,244,112,1,-1,-1,-1
184,211,1118,353,392,185,1,-1,-1,-1
185,211,970,358,396,186,1,-1,-1,-1
186,211,822,363,402,188,1,-1,-1,-1
187,211,680,371,393,188,1,-1,-1,-1
188,211,539,379,384,188,1,-1,-1,-1
189,211,398,388,375,188,1,-1,-1,-1
190,121,755,278,146,123,1,-1,-1,-1
190,211,256,396,366,188,1,-1,-1,-1
191,121,755,278,146,123,1,-1,-1,-1
191,122,413,223,241,116,1,-1,-1,-1
191,211,115,404,358,188,1,-1,-1,-1
192,110,1457,316,430,209,1,-1,-1,-1
192,121,755,278,146,123,1,-1,-1,-1
192,122,422,223,240,116,1,-1,-1,-1
192,211,0,413,344,189,1,-1,-1,-1
193,110,1299,321,437,210,1,-1,-1,-1
193,121,755,278,146,123,1,-1,-1,-1
193,122,432,223,239,116,1,-1,-1,-1
194,110,1141,327,444,212,1,-1,-1,-1
194,121,755,278,146,123,1,-1,-1,-1
194,122,442,224,239,117,1,-1,-1,-1
195,110,982,333,452,213,1,-1,-1,-1
195,121,755,278,146,123,1,-1,-1,-1
195,122,452,224,238,117,1,-1,-1,-1
196,110,825,340,460,216,1,-1,-1,-1
196,121,755,278,146,123,1,-1,-1,-1
196,122,461,224,237,117,1,-1,-1,-1
197,110,672,347,454,216,1,-1,-1,-1
197,122,471,225,237,118,1,-1,-1,-1
198,110,520,355,449,217,1,-1,-1,-1
198,122,481,225,235,118,1,-1,-1,-1
199,110,368,363,443,217,1,-1,-1,-1
199,121,755,278,146,124,1,-1,-1,-1
199,122,490,225,234,118,1,-1,-1,-1
200,110,215,371,438,218,1,-1,-1,-1
200,121,755,278,146,124,1,-1,-1,-1
200,122,500,226,234,119,1,-1,-1,-1
201,110,63,379,433,219,1,-1,-1,-1
201,121,755,278,146,124,1,-1,-1,-1
201,122,510,226,233,119,1,-1,-1,-1
202,121,755,278,146,124,1,-1,-1,-1
202,122,520,227,233,120,1,-1,-1,-1
203,111,1438,315,468,211,1,-1,-1,-1
203,121,755,278,146,124,1,-1,-1,-1
203,122,523,227,232,120,1,-1,-1,-1
204,111,1291,323,459,210,1,-1,-1,-1
204,121,755,278,146,124,1,-1,-1,-1
204,122,526,227,232,121,1,-1,-1,-1
205,111,1145,331,451,210,1,-1,-1,-1
205,121,755,278,146,124,1,-1,-1,-1
205,122,530,227,231,121,1,-1,-1,-1
206,111,998,340,442,209,1,-1,-1,-1
206,121,755,278,146,124,1,-1,-1,-1
206,122,534,226,231,122,1,-1,-1,-1
207,111,851,348,435,209,1,-1,-1,-1
207,121,755,278,146,124,1,-1,-1,-1
207,122,537,226,231,123,1,-1,-1,-1
208,111,705,356,427,209,1,-1,-1,-1
208,122,540,227,230,123,1,-1,-1,-1
209,111,558,364,418,208,1,-1,-1,-1
209,122,544,227,230,124,1,-1,-1,-1
210,111,411,372,410,208,1,-1,-1,-1
210,122,547,227,229,124,1,-1,-1,-1
211,111,265,380,402,207,1,-1,-1,-1
211,113,361,141,1508,385,1,-1,-1,-1
212,111,118,388,394,207,1,-1,-1,-1
212,113,225,136,1555,397,1,-1,-1,-1
213,111,0,397,379,207,1,-1,-1,-1
213,113,89,130,1603,409,1,-1,-1,-1
214,113,0,125,1650,421,1,-1,-1,-1
218,112,1483,346,425,188,1,-1,-1,-1
219,112,1319,356,425,185,1,-1,-1,-1
220,112,1155,366,425,182,1,-1,-1,-1
220,121,754,277,146,124,1,-1,-1,-1
221,112,991,376,426,179,1,-1,-1,-1
221,121,754,277,146,124,1,-1,-1,-1
221,122,583,229,224,132,1,-1,-1,-1
222,112,827,386,426,176,1,-1,-1,-1
222,121,754,277,146,124,1,-1,-1,-1
222,122,586,229,224,133,1,-1,-1,-1
223,112,663,396,426,173,1,-1,-1,-1
223,121,754,277,146,124,1,-1,-1,-1
223,122,590,230,224,134,1,-1,-1,-1
224,112,499,406,427,171,1,-1,-1,-1
224,121,754,277,146,124,1,-1,-1,-1
224,122,590,230,223,134,1,-1,-1,-1
225,112,335,416,427,167,1,-1,-1,-1
225,121,754,277,146,124,1,-1,-1,-1
225,122,590,231,223,134,1,-1,-1,-1
226,112,171,427,427,164,1,-1,-1,-1
226,121,754,277,146,124,1,-1,-1,-1
226,122,590,231,223,134,1,-1,-1,-1
227,112,7,437,428,162,1,-1,-1,-1
227,121,754,277,146,124,1,-1,-1,-1
227,122,590,232,223,134,1,-1,-1,-1
228,121,754,277,146,124,1,-1,-1,-1
228,122,590,232,223,134,1,-1,-1,-1
229,121,754,277,146,124,1,-1,-1,-1
229,122,590,233,223,135,1,-1,-1,-1
230,121,754,277,146,124,1,-1,-1,-1
230,122,590,232,222,135,1,-1,-1,-1
231,121,754,277,146,124,1,-1,-1,-1
231,122,590,232,222,135,1,-1,-1,-1
232,121,754,277,146,124,1,-1,-1,-1
232,122,590,232,222,135,1,-1,-1,-1
233,121,754,277,146,124,1,-1,-1,-1
233,122,590,232,222,135,1,-1,-1,-1
233,214,1550,296,356,169,1,-1,-1,-1
234,121,754,277,146,124,1,-1,-1,-1
234,122,590,232,222,135,1,-1,-1,-1
234,214,1434,298,359,171,1,-1,-1,-1
235,121,754,277,146,124,1,-1,-1,-1
235,122,590,232,222,135,1,-1,-1,-1
235,213,1497,322,407,201,1,-1,-1,-1
236,121,754,277,146,124,1,-1,-1,-1
236,122,590,232,222,135,1,-1,-1,-1
236,213,1333,328,413,201,1,-1,-1,-1
237,121,754,277,146,124,1,-1,-1,-1
237,122,590,232,222,135,1,-1,-1,-1
237,213,1171,334,419,201,1,-1,-1,-1
238,121,754,277,146,124,1,-1,-1,-1
238,122,590,232,222,135,1,-1,-1,-1
238,213,1009,340,426,201,1,-1,-1,-1
239,121,754,277,146,124,1,-1,-1,-1
239,122,590,232,222,135,1,-1,-1,-1
239,213,846,347,432,202,1,-1,-1,-1
240,122,590,232,222,135,1,-1,-1,-1
240,213,684,355,428,204,1,-1,-1,-1
241,122,590,232,222,135,1,-1,-1,-1
241,213,522,364,425,205,1,-1,-1,-1
242,122,590,232,222,135,1,-1,-1,-1
242,213,359,373,421,207,1,-1,-1,-1
243,121,754,277,146,124,1,-1,-1,-1
243,122,590,232,222,135,1,-1,-1,-1
243,213,197,382,418,208,1,-1,-1,-1
244,121,754,277,146,124,1,-1,-1,-1
244,122,590,232,222,135,1,-1,-1,-1
244,213,35,390,415,210,1,-1,-1,-1
245,121,754,277,146,124,1,-1,-1,-1
245,122,590,232,222,135,1,-1,-1,-1
245,214,196,351,339,182,1,-1,-1,-1
246,121,754,277,146,124,1,-1,-1,-1
246,122,590,232,222,135,1,-1,-1,-1
246,214,86,358,333,182,1,-1,-1,-1
247,121,754,277,146,124,1,-1,-1,-1
247,122,590,232,222,135,1,-1,-1,-1
247,214,0,365,323,183,1,-1,-1,-1
248,121,754,277,146,124,1,-1,-1,-1
248,122,590,232,222,135,1,-1,-1,-1
249,121,754,277,147,125,1,-1,-1,-1
249,122,590,232,222,135,1,-1,-1,-1
250,121,754,277,147,125,1,-1,-1,-1
250,122,590,232,222,135,1,-1,-1,-1
251,121,754,277,147,125,1,-1,-1,-1
251,122,590,232,222,135,1,-1,-1,-1
252,121,754,277,147,125,1,-1,-1,-1
252,122,590,232,222,135,1,-1,-1,-1
253,121,754,277,147,125,1,-1,-1,-1
253,122,590,232,222,135,1,-1,-1,-1
254,121,754,277,147,125,1,-1,-1,-1
254,122,590,232,222,135,1,-1,-1,-1
255,121,754,277,147,125,1,-1,-1,-1
255,122,590,232,222,135,1,-1,-1,-1
256,121,754,277,147,125,1,-1,-1,-1
256,122,590,232,222,135,1,-1,-1,-1
257,121,754,277,147,125,1,-1,-1,-1
257,122,590,232,222,135,1,-1,-1,-1
258,121,754,277,147,125,1,-1,-1,-1
258,122,590,232,222,135,1,-1,-1,-1
259,121,754,277,147,125,1,-1,-1,-1
259,122,590,232,222,135,1,-1,-1,-1
260,121,754,277,147,125,1,-1,-1,-1
260,122,590,232,222,135,1,-1,-1,-1
261,121,754,277,147,125,1,-1,-1,-1
261,122,590,232,222,135,1,-1,-1,-1
262,121,754,277,147,125,1,-1,-1,-1
262,122,590,232,222,135,1,-1,-1,-1
263,121,754,277,147,125,1,-1,-1,-1
263,122,590,232,222,135,1,-1,-1,-1
264,121,754,277,147,125,1,-1,-1,-1
264,122,590,232,222,135,1,-1,-1,-1
265,121,754,277,147,125,1,-1,-1,-1
265,122,590,232,222,135,1,-1,-1,-1
266,121,754,277,147,125,1,-1,-1,-1
266,122,590,232,222,135,1,-1,-1,-1
267,121,754,277,147,125,1,-1,-1,-1
267,122,590,232,222,135,1,-1,-1,-1
268,121,754,277,147,125,1,-1,-1,-1
268,122,590,232,222,135,1,-1,-1,-1
269,121,754,277,147,125,1,-1,-1,-1
269,122,590,232,222,135,1,-1,-1,-1
270,121,754,277,147,125,1,-1,-1,-1
270,122,590,232,222,135,1,-1,-1,-1
271,121,754,277,147,125,1,-1,-1,-1
271,122,590,232,222,135,1,-1,-1,-1
272,121,754,277,147,125,1,-1,-1,-1
272,122,590,232,222,135,1,-1,-1,-1
273,121,754,277,147,125,1,-1,-1,-1
273,122,590,232,222,135,1,-1,-1,-1
274,121,754,277,147,125,1,-1,-1,-1
274,122,590,232,222,135,1,-1,-1,-1
275,121,754,277,147,125,1,-1,-1,-1
275,122,590,232,222,135,1,-1,-1,-1
276,121,754,277,147,125,1,-1,-1,-1
276,122,590,232,222,135,1,-1,-1,-1
277,121,754,277,147,125,1,-1,-1,-1
277,122,590,232,222,135,1,-1,-1,-1
278,114,1236,124,684,364,1,-1,-1,-1
278,121,754,277,147,125,1,-1,-1,-1
278,122,590,232,222,135,1,-1,-1,-1
279,114,1113,132,707,362,1,-1,-1,-1
279,121,754,277,147,125,1,-1,-1,-1
279,122,590,232,222,135,1,-1,-1,-1
280,114,990,139,710,361,1,-1,-1,-1
280,121,754,277,147,125,1,-1,-1,-1
280,122,590,232,222,135,1,-1,-1,-1
281,114,867,147,712,359,1,-1,-1,-1
281,121,754,277,147,125,1,-1,-1,-1
281,122,590,232,222,135,1,-1,-1,-1
282,114,745,154,715,358,1,-1,-1,-1
282,122,590,232,222,135,1,-1,-1,-1
283,114,621,162,717,356,1,-1,-1,-1
284,114,498,169,719,354,1,-1,-1,-1
285,114,376,176,723,353,1,-1,-1,-1
286,114,253,184,725,351,1,-1,-1,-1
287,114,130,191,727,350,1,-1,-1,-1
288,114,8,199,730,349,1,-1,-1,-1
288,121,754,277,147,125,1,-1,-1,-1
289,121,754,277,147,125,1,-1,-1,-1
289,122,590,232,222,135,1,-1,-1,-1
290,121,754,277,147,125,1,-1,-1,-1
290,122,590,232,222,135,1,-1,-1,-1
291,121,754,277,147,125,1,-1,-1,-1
291,122,590,232,222,135,1,-1,-1,-1
292,121,754,277,147,125,1,-1,-1,-1
292,122,590,232,222,135,1,-1,-1,-1
293,121,754,277,147,125,1,-1,-1,-1
293,122,590,232,222,135,1,-1,-1,-1
294,121,754,277,147,125,1,-1,-1,-1
294,122,590,232,222,135,1,-1,-1,-1
294,219,1376,258,527,221,1,-1,-1,-1
295,121,754,277,147,125,1,-1,-1,-1
295,122,590,232,222,135,1,-1,-1,-1
295,219,1245,267,530,217,1,-1,-1,-1
296,121,754,277,147,125,1,-1,-1,-1
296,122,590,232,222,135,1,-1,-1,-1
296,219,1114,276,534,212,1,-1,-1,-1
297,121,754,277,147,125,1,-1,-1,-1
297,122,590,232,222,135,1,-1,-1,-1
297,219,983,286,538,208,1,-1,-1,-1
298,121,754,277,147,127,1,-1,-1,-1
298,122,590,232,222,135,1,-1,-1,-1
298,219,851,295,541,204,1,-1,-1,-1
299,122,590,232,222,135,1,-1,-1,-1
299,219,720,305,546,199,1,-1,-1,-1
300,219,596,311,539,200,1,-1,-1,-1
301,219,471,317,534,202,1,-1,-1,-1
302,219,347,323,527,205,1,-1,-1,-1
303,122,590,232,222,135,1,-1,-1,-1
303,219,222,329,521,207,1,-1,-1,-1
304,122,590,232,222,135,1,-1,-1,-1
304,219,98,335,515,209,1,-1,-1,-1
305,122,590,232,222,135,1,-1,-1,-1
305,219,0,340,497,211,1,-1,-1,-1
306,121,754,277,147,127,1,-1,-1,-1
306,122,590,232,222,135,1,-1,-1,-1
307,121,754,277,147,127,1,-1,-1,-1
307,122,590,232,222,135,1,-1,-1,-1
308,121,754,277,147,127,1,-1,-1,-1
308,122,590,232,222,135,1,-1,-1,-1
309,121,754,277,147,127,1,-1,-1,-1
309,122,590,232,222,135,1,-1,-1,-1
310,121,754,277,147,127,1,-1,-1,-1
310,122,590,232,222,135,1,-1,-1,-1
311,121,754,277,149,127,1,-1,-1,-1
311,122,590,232,222,135,1,-1,-1,-1
312,121,754,277,149,127,1,-1,-1,-1
312,122,590,232,222,135,1,-1,-1,-1
313,115,1532,312,386,154,1,-1,-1,-1
313,121,754,277,149,127,1,-1,-1,-1
313,122,590,232,222,135,1,-1,-1,-1
314,115,1405,318,386,153,1,-1,-1,-1
314,121,754,277,149,127,1,-1,-1,-1
314,122,590,232,222,135,1,-1,-1,-1
315,115,1279,325,386,153,1,-1,-1,-1
315,121,754,277,149,127,1,-1,-1,-1
315,122,590,232,222,135,1,-1,-1,-1
316,115,1152,332,386,153,1,-1,-1,-1
316,121,754,277,149,127,1,-1,-1,-1
316,122,590,232,222,135,1,-1,-1,-1
317,115,1026,339,386,153,1,-1,-1,-1
317,121,754,277,149,127,1,-1,-1,-1
317,122,590,232,222,135,1,-1,-1,-1
318,115,899,345,386,153,1,-1,-1,-1
318,121,754,277,149,127,1,-1,-1,-1
318,122,590,232,222,135,1,-1,-1,-1
319,115,773,352,387,153,1,-1,-1,-1
319,122,590,232,222,135,1,-1,-1,-1
320,115,647,359,387,152,1,-1,-1,-1
320,122,590,232,222,135,1,-1,-1,-1
321,115,520,366,387,152,1,-1,-1,-1
321,121,753,276,149,127,1,-1,-1,-1
321,122,590,232,222,135,1,-1,-1,-1
322,115,394,372,387,152,1,-1,-1,-1
322,121,753,276,149,127,1,-1,-1,-1
322,122,590,232,222,135,1,-1,-1,-1
323,115,267,379,387,152,1,-1,-1,-1
323,121,753,276,149,127,1,-1,-1,-1
323,122,590,232,222,135,1,-1,-1,-1
324,115,141,386,387,152,1,-1,-1,-1
324,121,753,276,149,127,1,-1,-1,-1
324,122,590,232,222,135,1,-1,-1,-1
325,115,15,393,388,152,1,-1,-1,-1
325,121,753,276,149,127,1,-1,-1,-1
325,122,590,232,222,135,1,-1,-1,-1
326,121,753,276,149,127,1,-1,-1,-1
326,122,590,232,222,135,1,-1,-1,-1
327,121,753,276,149,127,1,-1,-1,-1
327,122,590,232,222,135,1,-1,-1,-1
328,121,753,276,149,127,1,-1,-1,-1
328,122,590,232,222,135,1,-1,-1,-1
329,121,753,276,149,127,1,-1,-1,-1
329,122,590,232,222,135,1,-1,-1,-1
330,121,753,276,149,127,1,-1,-1,-1
330,122,590,232,222,135,1,-1,-1,-1
331,121,753,276,149,127,1,-1,-1,-1
331,122,590,232,222,135,1,-1,-1,-1
332,121,753,276,149,127,1,-1,-1,-1
332,122,590,232,222,135,1,-1,-1,-1
333,121,753,276,149,127,1,-1,-1,-1
333,122,590,232,222,135,1,-1,-1,-1
334,121,753,276,149,127,1,-1,-1,-1
334,122,590,232,222,135,1,-1,-1,-1
335,121,753,276,149,127,1,-1,-1,-1
335,122,590,232,222,135,1,-1,-1,-1
336,121,753,276,149,127,1,-1,-1,-1
336,122,590,232,222,135,1,-1,-1,-1
337,121,753,276,149,127,1,-1,-1,-1
337,122,590,232,222,135,1,-1,-1,-1
338,121,753,276,149,127,1,-1,-1,-1
338,122,590,232,222,135,1,-1,-1,-1
339,121,753,276,149,127,1,-1,-1,-1
339,122,590,232,222,135,1,-1,-1,-1
340,121,753,276,149,127,1,-1,-1,-1
340,122,590,232,222,135,1,-1,-1,-1
341,121,753,276,149,127,1,-1,-1,-1
341,122,590,232,222,135,1,-1,-1,-1
342,121,753,276,149,127,1,-1,-1,-1
342,122,590,232,222,135,1,-1,-1,-1
343,121,753,276,149,127,1,-1,-1,-1
343,122,590,232,222,135,1,-1,-1,-1
344,121,753,276,149,127,1,-1,-1,-1
344,122,590,232,222,135,1,-1,-1,-1
345,121,753,276,149,127,1,-1,-1,-1
345,122,590,232,222,135,1,-1,-1,-1
346,121,753,276,149,127,1,-1,-1,-1
346,122,590,232,222,135,1,-1,-1,-1
347,121,753,276,149,127,1,-1,-1,-1
347,122,590,232,222,135,1,-1,-1,-1
348,121,753,276,149,128,1,-1,-1,-1
348,122,590,232,222,135,1,-1,-1,-1
349,121,753,276,149,128,1,-1,-1,-1
349,122,590,232,222,135,1,-1,-1,-1
350,121,753,276,149,128,1,-1,-1,-1
350,122,590,232,222,135,1,-1,-1,-1
351,121,753,276,149,128,1,-1,-1,-1
351,122,590,232,222,135,1,-1,-1,-1
352,121,753,276,149,128,1,-1,-1,-1
352,122,590,232,222,135,1,-1,-1,-1
353,121,753,276,149,128,1,-1,-1,-1
353,122,590,232,222,135,1,-1,-1,-1
354,121,753,276,149,128,1,-1,-1,-1
354,122,590,232,222,135,1,-1,-1,-1
355,121,753,276,149,128,1,-1,-1,-1
355,122,590,232,222,135,1,-1,-1,-1
356,121,753,276,149,128,1,-1,-1,-1
356,122,590,232,222,135,1,-1,-1,-1
357,121,753,276,149,128,1,-1,-1,-1
357,122,590,232,222,135,1,-1,-1,-1
358,121,753,276,149,128,1,-1,-1,-1
358,122,590,232,222,135,1,-1,-1,-1
359,121,753,276,149,128,1,-1,-1,-1
359,122,590,232,222,135,1,-1,-1,-1
360,121,753,276,149,128,1,-1,-1,-1
360,122,590,232,222,135,1,-1,-1,-1
361,121,753,276,149,128,1,-1,-1,-1
361,122,590,232,222,135,1,-1,-1,-1
362,116,1431,259,489,216,1,-1,-1,-1
362,121,753,276,149,128,1,-1,-1,-1
362,122,590,232,222,135,1,-1,-1,-1
363,116,1276,265,493,217,1,-1,-1,-1
363,121,753,276,149,128,1,-1,-1,-1
363,122,590,232,222,135,1,-1,-1,-1
364,116,1121,271,493,219,1,-1,-1,-1
364,121,753,276,149,128,1,-1,-1,-1
364,122,590,232,222,135,1,-1,-1,-1
365,116,967,278,492,220,1,-1,-1,-1
365,121,753,276,149,128,1,-1,-1,-1
365,122,590,232,222,135,1,-1,-1,-1
366,116,812,284,492,222,1,-1,-1,-1
366,122,590,232,222,135,1,-1,-1,-1
367,116,658,290,491,223,1,-1,-1,-1
368,116,503,297,491,226,1,-1,-1,-1
369,116,349,303,490,227,1,-1,-1,-1
370,116,194,309,490,229,1,-1,-1,-1
370,121,753,276,149,128,1,-1,-1,-1
371,116,40,316,490,231,1,-1,-1,-1
371,121,753,276,149,128,1,-1,-1,-1
371,122,590,232,222,135,1,-1,-1,-1
372,121,753,276,150,128,1,-1,-1,-1
372,122,590,232,222,135,1,-1,-1,-1
373,121,753,276,150,128,1,-1,-1,-1
373,122,590,232,222,135,1,-1,-1,-1
374,121,753,276,150,128,1,-1,-1,-1
374,122,590,232,222,135,1,-1,-1,-1
375,121,753,276,150,128,1,-1,-1,-1
375,122,590,232,222,135,1,-1,-1,-1
376,121,753,276,150,128,1,-1,-1,-1
376,122,590,232,222,135,1,-1,-1,-1
377,121,753,276,150,128,1,-1,-1,-1
377,122,590,232,222,135,1,-1,-1,-1
378,121,753,276,150,128,1,-1,-1,-1
378,122,590,232,222,135,1,-1,-1,-1
379,121,753,276,150,128,1,-1,-1,-1
379,122,590,232,222,135,1,-1,-1,-1
380,121,753,276,150,128,1,-1,-1,-1
380,122,590,232,222,135,1,-1,-1,-1
381,121,753,276,150,128,1,-1,-1,-1
381,122,590,232,222,135,1,-1,-1,-1
382,121,753,276,150,128,1,-1,-1,-1
382,122,590,232,222,135,1,-1,-1,-1
383,121,753,276,150,128,1,-1,-1,-1
383,122,590,232,222,135,1,-1,-1,-1
384,121,753,276,150,128,1,-1,-1,-1
384,122,590,232,222,135,1,-1,-1,-1
385,121,753,276,150,128,1,-1,-1,-1
385,122,590,232,222,135,1,-1,-1,-1
386,121,753,276,150,128,1,-1,-1,-1
386,122,590,232,222,135,1,-1,-1,-1
387,121,753,276,150,128,1,-1,-1,-1
387,122,590,232,222,135,1,-1,-1,-1
388,121,753,276,150,128,1,-1,-1,-1
388,122,590,232,222,135,1,-1,-1,-1
389,121,753,276,150,128,1,-1,-1,-1
389,122,590,232,222,135,1,-1,-1,-1
390,121,753,276,150,128,1,-1,-1,-1
390,122,590,232,222,135,1,-1,-1,-1
391,121,753,276,150,128,1,-1,-1,-1
391,122,590,232,222,135,1,-1,-1,-1
392,121,753,276,150,128,1,-1,-1,-1
392,122,590,232,222,135,1,-1,-1,-1
393,121,753,276,150,128,1,-1,-1,-1
393,122,590,232,222,135,1,-1,-1,-1
394,121,753,276,150,128,1,-1,-1,-1
394,122,590,232,222,135,1,-1,-1,-1
395,121,753,276,150,128,1,-1,-1,-1
395,122,590,232,222,135,1,-1,-1,-1
396,121,753,276,150,128,1,-1,-1,-1
396,122,590,232,222,135,1,-1,-1,-1
397,121,753,276,150,129,1,-1,-1,-1
397,122,590,232,222,135,1,-1,-1,-1
398,121,753,276,150,129,1,-1,-1,-1
398,122,590,232,222,135,1,-1,-1,-1
399,121,753,276,150,129,1,-1,-1,-1
399,122,590,232,222,135,1,-1,-1,-1
400,121,753,276,150,129,1,-1,-1,-1
400,122,590,232,222,135,1,-1,-1,-1
401,121,753,276,150,129,1,-1,-1,-1
401,122,590,232,222,135,1,-1,-1,-1
402,121,753,276,150,129,1,-1,-1,-1
402,122,590,232,222,135,1,-1,-1,-1
403,121,753,276,150,129,1,-1,-1,-1
403,122,591,231,222,135,1,-1,-1,-1
404,121,753,276,150,129,1,-1,-1,-1
404,122,591,231,222,135,1,-1,-1,-1
405,121,753,276,150,129,1,-1,-1,-1
405,122,591,231,222,135,1,-1,-1,-1
406,121,753,276,150,129,1,-1,-1,-1
406,122,591,231,222,135,1,-1,-1,-1
407,121,753,276,150,129,1,-1,-1,-1
407,122,591,231,222,135,1,-1,-1,-1
408,121,753,276,150,129,1,-1,-1,-1
408,122,591,231,222,135,1,-1,-1,-1
409,121,753,276,150,129,1,-1,-1,-1
409,122,591,231,222,135,1,-1,-1,-1
410,121,753,276,150,129,1,-1,-1,-1
410,122,591,231,222,135,1,-1,-1,-1
411,121,753,276,150,129,1,-1,-1,-1
411,122,591,231,222,135,1,-1,-1,-1
412,121,753,276,150,129,1,-1,-1,-1
412,122,591,231,222,135,1,-1,-1,-1
413,121,753,276,150,129,1,-1,-1,-1
413,122,591,231,222,135,1,-1,-1,-1
414,121,753,276,150,129,1,-1,-1,-1
414,122,591,231,222,135,1,-1,-1,-1
415,121,753,276,150,129,1,-1,-1,-1
415,122,591,231,222,135,1,-1,-1,-1
416,121,753,276,150,129,1,-1,-1,-1
416,122,591,231,222,135,1,-1,-1,-1
417,121,753,276,150,129,1,-1,-1,-1
417,122,591,231,222,135,1,-1,-1,-1
418,121,753,276,150,129,1,-1,-1,-1
418,122,591,231,222,135,1,-1,-1,-1
419,121,753,276,150,129,1,-1,-1,-1
419,122,591,231,222,135,1,-1,-1,-1
420,121,753,276,150,129,1,-1,-1,-1
420,122,591,231,222,135,1,-1,-1,-1
421,121,753,276,150,129,1,-1,-1,-1
421,122,591,231,222,135,1,-1,-1,-1
422,121,753,276,150,129,1,-1,-1,-1
422,122,591,231,222,135,1,-1,-1,-1
423,121,753,276,150,129,1,-1,-1,-1
423,122,591,231,222,135,1,-1,-1,-1
424,121,753,276,150,129,1,-1,-1,-1
424,122,591,231,222,135,1,-1,-1,-1
425,121,753,276,150,129,1,-1,-1,-1
425,122,591,231,222,135,1,-1,-1,-1
426,121,752,275,150,129,1,-1,-1,-1
426,122,591,231,222,135,1,-1,-1,-1
427,121,752,275,150,129,1,-1,-1,-1
427,122,591,231,222,135,1,-1,-1,-1
428,121,752,275,150,129,1,-1,-1,-1
428,122,591,231,222,135,1,-1,-1,-1
429,121,752,275,150,129,1,-1,-1,-1
429,122,591,231,222,135,1,-1,-1,-1
430,121,752,275,150,129,1,-1,-1,-1
430,122,591,231,222,135,1,-1,-1,-1
431,121,752,275,150,129,1,-1,-1,-1
431,122,591,231,222,135,1,-1,-1,-1
432,121,752,275,150,129,1,-1,-1,-1
432,122,591,231,222,135,1,-1,-1,-1
433,121,752,275,150,129,1,-1,-1,-1
433,122,591,231,222,135,1,-1,-1,-1
434,121,752,275,151,129,1,-1,-1,-1
434,122,591,231,222,135,1,-1,-1,-1
435,121,752,275,151,129,1,-1,-1,-1
435,122,591,231,222,135,1,-1,-1,-1
436,121,752,275,151,129,1,-1,-1,-1
436,122,591,231,222,135,1,-1,-1,-1
437,121,752,275,151,129,1,-1,-1,-1
437,122,591,231,222,135,1,-1,-1,-1
438,121,752,275,151,129,1,-1,-1,-1
438,122,591,231,222,135,1,-1,-1,-1
439,121,752,275,151,129,1,-1,-1,-1
439,122,591,231,222,135,1,-1,-1,-1
440,121,752,275,151,129,1,-1,-1,-1
440,122,591,231,222,135,1,-1,-1,-1
441,121,752,275,151,129,1,-1,-1,-1
441,122,591,231,222,135,1,-1,-1,-1
442,121,752,275,151,129,1,-1,-1,-1
442,122,591,231,222,135,1,-1,-1,-1
443,121,752,275,151,129,1,-1,-1,-1
443,122,591,231,222,135,1,-1,-1,-1
444,121,752,275,151,129,1,-1,-1,-1
444,122,591,231,222,135,1,-1,-1,-1
445,121,752,275,151,129,1,-1,-1,-1
445,122,591,231,222,135,1,-1,-1,-1
446,121,752,275,151,129,1,-1,-1,-1
446,122,591,231,222,135,1,-1,-1,-1
447,121,752,275,151,130,1,-1,-1,-1
447,122,591,231,222,135,1,-1,-1,-1
448,121,752,275,151,130,1,-1,-1,-1
448,122,591,231,222,135,1,-1,-1,-1
449,121,752,275,151,130,1,-1,-1,-1
449,122,591,231,222,135,1,-1,-1,-1
450,121,752,275,151,130,1,-1,-1,-1
450,122,591,231,222,135,1,-1,-1,-1
451,121,752,275,151,130,1,-1,-1,-1
451,122,591,231,222,135,1,-1,-1,-1
452,121,752,275,151,130,1,-1,-1,-1
452,122,591,231,222,135,1,-1,-1,-1
453,121,752,275,151,130,1,-1,-1,-1
453,122,591,231,222,135,1,-1,-1,-1
454,121,752,275,151,130,1,-1,-1,-1
454,122,591,231,222,135,1,-1,-1,-1
455,121,752,275,151,130,1,-1,-1,-1
455,122,591,231,222,135,1,-1,-1,-1
456,121,752,275,151,130,1,-1,-1,-1
456,122,591,231,222,135,1,-1,-1,-1
457,121,752,275,151,130,1,-1,-1,-1
457,122,591,231,222,135,1,-1,-1,-1
458,121,752,275,151,130,1,-1,-1,-1
458,122,591,231,222,135,1,-1,-1,-1
459,121,752,275,151,130,1,-1,-1,-1
459,122,591,231,222,135,1,-1,-1,-1
460,121,752,275,151,130,1,-1,-1,-1
460,122,591,231,222,135,1,-1,-1,-1
461,121,752,275,151,130,1,-1,-1,-1
461,122,591,231,222,135,1,-1,-1,-1
462,121,752,275,151,130,1,-1,-1,-1
462,122,591,231,222,135,1,-1,-1,-1
463,121,752,275,151,130,1,-1,-1,-1
463,122,591,231,222,135,1,-1,-1,-1
464,121,752,275,151,130,1,-1,-1,-1
464,122,591,231,222,135,1,-1,-1,-1
465,121,752,275,151,130,1,-1,-1,-1
465,122,591,231,222,135,1,-1,-1,-1
466,121,752,275,151,130,1,-1,-1,-1
466,122,591,231,222,135,1,-1,-1,-1
467,121,752,275,151,130,1,-1,-1,-1
467,122,591,231,222,135,1,-1,-1,-1
468,121,752,275,151,130,1,-1,-1,-1
468,122,591,231,222,135,1,-1,-1,-1
469,121,752,275,151,130,1,-1,-1,-1
469,122,591,231,222,135,1,-1,-1,-1
470,121,752,275,151,130,1,-1,-1,-1
470,122,591,231,222,135,1,-1,-1,-1
471,121,752,275,151,130,1,-1,-1,-1
471,122,591,231,222,135,1,-1,-1,-1
472,121,752,275,151,130,1,-1,-1,-1
472,122,591,231,222,135,1,-1,-1,-1
473,121,752,275,151,130,1,-1,-1,-1
473,122,591,231,222,135,1,-1,-1,-1
474,121,752,275,151,130,1,-1,-1,-1
474,122,591,231,222,135,1,-1,-1,-1
475,121,752,275,151,130,1,-1,-1,-1
475,122,591,231,222,135,1,-1,-1,-1
476,121,752,275,151,130,1,-1,-1,-1
476,122,591,231,222,135,1,-1,-1,-1
477,121,752,275,151,130,1,-1,-1,-1
477,122,591,231,222,135,1,-1,-1,-1
478,121,752,275,151,130,1,-1,-1,-1
478,122,591,231,222,135,1,-1,-1,-1
479,121,752,275,151,130,1,-1,-1,-1
479,122,591,231,222,135,1,-1,-1,-1
480,121,752,275,151,130,1,-1,-1,-1
480,122,591,231,222,135,1,-1,-1,-1
481,121,752,275,151,130,1,-1,-1,-1
481,122,591,231,222,135,1,-1,-1,-1
482,121,752,275,151,130,1,-1,-1,-1
482,122,591,231,222,135,1,-1,-1,-1
483,121,752,275,151,130,1,-1,-1,-1
483,122,591,231,222,135,1,-1,-1,-1
484,117,1071,137,816,408,1,-1,-1,-1
484,121,752,275,151,130,1,-1,-1,-1
484,122,591,231,222,135,1,-1,-1,-1
485,117,869,151,814,406,1,-1,-1,-1
485,121,752,275,151,130,1,-1,-1,-1
485,122,591,231,222,135,1,-1,-1,-1
486,117,667,165,813,405,1,-1,-1,-1
487,117,465,178,812,403,1,-1,-1,-1
488,117,263,192,811,402,1,-1,-1,-1
489,117,62,206,810,400,1,-1,-1,-1
490,121,752,275,151,130,1,-1,-1,-1
490,122,591,231,221,136,1,-1,-1,-1
491,121,752,275,151,130,1,-1,-1,-1
491,122,591,231,221,136,1,-1,-1,-1
492,121,752,275,151,130,1,-1,-1,-1
492,122,591,231,221,136,1,-1,-1,-1
493,121,752,275,151,130,1,-1,-1,-1
493,122,591,231,221,136,1,-1,-1,-1
494,121,752,275,151,130,1,-1,-1,-1
494,122,591,231,221,136,1,-1,-1,-1
495,121,752,275,151,130,1,-1,-1,-1
495,122,591,231,221,136,1,-1,-1,-1
496,121,752,275,152,131,1,-1,-1,-1
496,122,591,231,221,136,1,-1,-1,-1
497,121,752,275,152,131,1,-1,-1,-1
497,122,591,231,221,136,1,-1,-1,-1
498,121,752,275,152,131,1,-1,-1,-1
498,122,591,231,221,136,1,-1,-1,-1
499,121,752,275,152,131,1,-1,-1,-1
499,122,591,231,221,136,1,-1,-1,-1
500,121,752,275,152,131,1,-1,-1,-1
500,122,591,231,221,136,1,-1,-1,-1
501,121,752,275,152,131,1,-1,-1,-1
501,122,591,231,221,136,1,-1,-1,-1
502,121,752,275,152,131,1,-1,-1,-1
502,122,591,231,221,136,1,-1,-1,-1
503,121,752,275,152,131,1,-1,-1,-1
503,122,591,231,221,136,1,-1,-1,-1
504,121,752,275,152,131,1,-1,-1,-1
504,122,591,231,221,136,1,-1,-1,-1
505,121,752,275,152,131,1,-1,-1,-1
505,122,591,231,221,136,1,-1,-1,-1
506,121,752,275,152,131,1,-1,-1,-1
506,122,591,231,221,136,1,-1,-1,-1
507,118,1485,281,426,190,1,-1,-1,-1
507,121,752,275,152,131,1,-1,-1,-1
507,122,591,231,221,136,1,-1,-1,-1
508,118,1339,289,426,188,1,-1,-1,-1
508,121,752,275,152,131,1,-1,-1,-1
508,122,591,231,221,136,1,-1,-1,-1
509,118,1194,299,426,186,1,-1,-1,-1
509,121,752,275,152,131,1,-1,-1,-1
509,122,591,231,221,136,1,-1,-1,-1
510,118,1049,307,427,184,1,-1,-1,-1
510,121,752,275,152,131,1,-1,-1,-1
510,122,591,231,221,136,1,-1,-1,-1
511,118,904,316,427,183,1,-1,-1,-1
511,121,752,275,152,131,1,-1,-1,-1
511,122,591,231,221,136,1,-1,-1,-1
512,118,759,324,428,180,1,-1,-1,-1
512,122,591,231,221,136,1,-1,-1,-1
513,118,614,333,428,178,1,-1,-1,-1
513,122,591,231,221,136,1,-1,-1,-1
514,118,469,341,428,177,1,-1,-1,-1
514,122,591,231,221,136,1,-1,-1,-1
515,118,324,350,429,175,1,-1,-1,-1
515,121,752,275,152,131,1,-1,-1,-1
515,122,591,231,221,136,1,-1,-1,-1
516,118,178,358,429,173,1,-1,-1,-1
516,121,752,275,152,131,1,-1,-1,-1
516,122,591,231,221,136,1,-1,-1,-1
517,118,33,367,430,172,1,-1,-1,-1
517,121,752,275,152,131,1,-1,-1,-1
517,122,591,231,221,136,1,-1,-1,-1
518,121,752,275,152,131,1,-1,-1,-1
518,122,591,231,221,136,1,-1,-1,-1
519,121,752,275,152,131,1,-1,-1,-1
519,122,591,231,221,136,1,-1,-1,-1
520,121,752,275,152,131,1,-1,-1,-1
520,122,591,231,221,136,1,-1,-1,-1
521,121,752,275,152,131,1,-1,-1,-1
521,122,591,231,221,136,1,-1,-1,-1
522,121,752,275,152,131,1,-1,-1,-1
522,122,591,231,221,136,1,-1,-1,-1
523,121,752,275,152,131,1,-1,-1,-1
523,122,591,231,221,136,1,-1,-1,-1
524,121,752,275,152,131,1,-1,-1,-1
524,122,591,231,221,136,1,-1,-1,-1
525,119,1572,303,348,157,1,-1,-1,-1
525,121,752,275,152,131,1,-1,-1,-1
525,122,591,231,221,136,1,-1,-1,-1
526,119,1418,311,378,157,1,-1,-1,-1
526,121,752,275,152,131,1,-1,-1,-1
526,122,591,231,221,136,1,-1,-1,-1
527,119,1266,319,381,157,1,-1,-1,-1
527,121,752,275,152,131,1,-1,-1,-1
527,122,591,231,221,136,1,-1,-1,-1
528,119,1114,327,383,157,1,-1,-1,-1
528,121,752,275,152,131,1,-1,-1,-1
528,122,591,231,221,136,1,-1,-1,-1
529,119,962,335,385,157,1,-1,-1,-1
529,121,752,275,152,131,1,-1,-1,-1
529,122,591,231,221,136,1,-1,-1,-1
530,119,809,343,388,157,1,-1,-1,-1
530,122,591,231,221,136,1,-1,-1,-1
531,119,656,351,391,157,1,-1,-1,-1
531,122,591,231,221,136,1,-1,-1,-1
532,119,504,359,393,157,1,-1,-1,-1
532,122,591,231,221,136,1,-1,-1,-1
533,119,352,367,395,157,1,-1,-1,-1
533,121,751,274,152,131,1,-1,-1,-1
533,122,591,231,221,136,1,-1,-1,-1
534,119,200,375,397,157,1,-1,-1,-1
534,121,751,274,152,131,1,-1,-1,-1
534,122,591,231,221,136,1,-1,-1,-1
535,119,48,383,400,158,1,-1,-1,-1
535,121,751,274,152,131,1,-1,-1,-1
535,122,591,231,221,136,1,-1,-1,-1
536,121,751,274,152,131,1,-1,-1,-1
536,122,591,231,221,136,1,-1,-1,-1
537,121,751,274,152,131,1,-1,-1,-1
537,122,591,231,221,136,1,-1,-1,-1
538,121,751,274,152,131,1,-1,-1,-1
538,122,591,231,221,136,1,-1,-1,-1
539,121,751,274,152,131,1,-1,-1,-1
539,122,591,231,221,136,1,-1,-1,-1
540,121,751,274,152,131,1,-1,-1,-1
540,122,591,231,221,136,1,-1,-1,-1
541,121,751,274,152,131,1,-1,-1,-1
541,122,591,231,221,136,1,-1,-1,-1
542,121,751,274,152,131,1,-1,-1,-1
542,122,591,231,221,136,1,-1,-1,-1
543,121,751,274,152,131,1,-1,-1,-1
543,122,591,231,221,136,1,-1,-1,-1
544,121,751,274,152,131,1,-1,-1,-1
544,122,591,231,221,136,1,-1,-1,-1
545,121,751,274,152,131,1,-1,-1,-1
545,122,591,231,221,136,1,-1,-1,-1
546,121,751,274,152,132,1,-1,-1,-1
546,122,591,231,221,136,1,-1,-1,-1
547,121,751,274,152,132,1,-1,-1,-1
547,122,591,231,221,136,1,-1,-1,-1
548,121,751,274,152,132,1,-1,-1,-1
548,122,591,231,221,136,1,-1,-1,-1
549,121,751,274,152,132,1,-1,-1,-1
549,122,591,231,221,136,1,-1,-1,-1
550,121,751,274,152,132,1,-1,-1,-1
550,122,591,231,221,136,1,-1,-1,-1
551,121,751,274,152,132,1,-1,-1,-1
551,122,591,231,221,136,1,-1,-1,-1
552,121,751,274,152,132,1,-1,-1,-1
552,122,591,231,221,136,1,-1,-1,-1
553,121,751,274,152,132,1,-1,-1,-1
553,122,591,231,221,136,1,-1,-1,-1
554,121,751,274,152,132,1,-1,-1,-1
554,122,591,231,221,136,1,-1,-1,-1
555,121,751,274,152,132,1,-1,-1,-1
555,122,591,231,221,136,1,-1,-1,-1
556,121,751,274,152,132,1,-1,-1,-1
556,122,591,231,221,136,1,-1,-1,-1
557,121,751,274,152,132,1,-1,-1,-1
557,122,591,231,221,136,1,-1,-1,-1
558,121,751,274,153,132,1,-1,-1,-1
558,122,591,231,221,136,1,-1,-1,-1
559,121,751,274,153,132,1,-1,-1,-1
559,122,591,231,221,136,1,-1,-1,-1
560,121,751,274,153,132,1,-1,-1,-1
560,122,591,231,221,136,1,-1,-1,-1
561,121,751,274,153,132,1,-1,-1,-1
561,122,591,231,221,136,1,-1,-1,-1
562,121,751,274,153,132,1,-1,-1,-1
562,122,591,231,221,136,1,-1,-1,-1
563,121,751,274,153,132,1,-1,-1,-1
563,122,591,231,221,136,1,-1,-1,-1
564,121,751,274,153,132,1,-1,-1,-1
564,122,591,231,221,136,1,-1,-1,-1
565,121,751,274,153,132,1,-1,-1,-1
565,122,591,231,221,136,1,-1,-1,-1
566,121,751,274,153,132,1,-1,-1,-1
566,122,591,231,221,136,1,-1,-1,-1
567,121,751,274,153,132,1,-1,-1,-1
567,122,591,231,221,136,1,-1,-1,-1
568,121,751,274,153,132,1,-1,-1,-1
568,122,591,231,221,136,1,-1,-1,-1
569,121,751,274,153,132,1,-1,-1,-1
569,122,591,231,221,136,1,-1,-1,-1
570,121,751,274,153,132,1,-1,-1,-1
570,122,591,231,221,136,1,-1,-1,-1
571,121,751,274,153,132,1,-1,-1,-1
571,122,591,231,221,136,1,-1,-1,-1
572,121,751,274,153,132,1,-1,-1,-1
572,122,591,231,221,136,1,-1,-1,-1
573,121,751,274,153,132,1,-1,-1,-1
573,122,591,231,221,136,1,-1,-1,-1
573,126,2,214,299,117,1,-1,-1,-1
574,121,751,274,153,132,1,-1,-1,-1
574,122,591,231,221,136,1,-1,-1,-1
574,126,14,213,299,117,1,-1,-1,-1
575,121,751,274,153,132,1,-1,-1,-1
575,122,591,231,221,136,1,-1,-1,-1
575,126,26,213,299,117,1,-1,-1,-1
576,121,751,274,153,132,1,-1,-1,-1
576,122,592,230,221,136,1,-1,-1,-1
576,126,38,213,299,118,1,-1,-1,-1
577,121,751,274,153,132,1,-1,-1,-1
577,122,592,230,221,136,1,-1,-1,-1
577,126,51,213,299,118,1,-1,-1,-1
578,121,751,274,153,132,1,-1,-1,-1
578,122,592,230,221,136,1,-1,-1,-1
578,126,63,213,299,118,1,-1,-1,-1
579,121,751,274,153,132,1,-1,-1,-1
579,122,592,230,221,136,1,-1,-1,-1
579,126,75,213,299,119,1,-1,-1,-1
580,121,751,274,153,132,1,-1,-1,-1
580,122,592,230,221,136,1,-1,-1,-1
580,126,87,212,299,119,1,-1,-1,-1
581,121,751,274,153,132,1,-1,-1,-1
581,122,592,230,221,136,1,-1,-1,-1
581,126,100,212,299,119,1,-1,-1,-1
582,121,751,274,153,132,1,-1,-1,-1
582,122,592,230,221,136,1,-1,-1,-1
582,126,112,212,299,120,1,-1,-1,-1
583,121,751,274,153,132,1,-1,-1,-1
583,122,592,230,221,136,1,-1,-1,-1
583,126,124,212,299,120,1,-1,-1,-1
584,121,751,274,153,132,1,-1,-1,-1
584,122,592,230,221,136,1,-1,-1,-1
584,126,136,212,299,120,1,-1,-1,-1
585,121,751,274,153,132,1,-1,-1,-1
585,122,592,230,221,136,1,-1,-1,-1
585,126,149,212,299,121,1,-1,-1,-1
586,121,751,274,153,132,1,-1,-1,-1
586,122,592,230,221,136,1,-1,-1,-1
586,126,155,211,299,121,1,-1,-1,-1
587,121,751,274,153,132,1,-1,-1,-1
587,122,592,230,221,136,1,-1,-1,-1
587,126,161,211,299,121,1,-1,-1,-1
588,121,751,274,153,132,1,-1,-1,-1
588,122,592,230,221,136,1,-1,-1,-1
588,126,168,210,299,122,1,-1,-1,-1
589,121,751,274,153,132,1,-1,-1,-1
589,122,592,230,221,136,1,-1,-1,-1
589,126,174,210,299,122,1,-1,-1,-1
590,121,751,274,153,132,1,-1,-1,-1
590,122,592,230,221,136,1,-1,-1,-1
590,126,180,210,299,123,1,-1,-1,-1
591,121,751,274,153,132,1,-1,-1,-1
591,122,592,230,221,136,1,-1,-1,-1
591,126,187,209,299,123,1,-1,-1,-1
592,121,751,274,153,132,1,-1,-1,-1
592,122,592,230,221,136,1,-1,-1,-1
592,126,193,209,299,123,1,-1,-1,-1
593,121,751,274,153,132,1,-1,-1,-1
593,122,592,230,221,136,1,-1,-1,-1
593,126,199,209,299,124,1,-1,-1,-1
594,121,751,274,153,132,1,-1,-1,-1
594,122,592,230,221,136,1,-1,-1,-1
594,126,206,209,300,124,1,-1,-1,-1
595,121,751,274,153,133,1,-1,-1,-1
595,122,592,230,221,136,1,-1,-1,-1
595,126,212,209,300,125,1,-1,-1,-1
596,121,751,274,153,133,1,-1,-1,-1
596,122,592,230,221,136,1,-1,-1,-1
596,126,218,209,300,125,1,-1,-1,-1
597,121,751,274,153,133,1,-1,-1,-1
597,122,592,230,221,136,1,-1,-1,-1
597,126,225,208,300,125,1,-1,-1,-1
598,121,751,274,153,133,1,-1,-1,-1
598,122,592,230,221,136,1,-1,-1,-1
598,126,231,208,300,127,1,-1,-1,-1
599,121,751,274,153,133,1,-1,-1,-1
599,122,592,230,221,136,1,-1,-1,-1
599,126,237,208,300,127,1,-1,-1,-1
600,121,751,274,153,133,1,-1,-1,-1
600,122,592,230,221,136,1,-1,-1,-1
600,126,244,208,300,128,1,-1,-1,-1
