1,96,539,606,273,277,1,-1,-1,-1
1,97,374,373,249,219,1,-1,-1,-1
1,98,688,345,183,178,1,-1,-1,-1
1,103,577,259,132,113,1,-1,-1,-1
1,104,712,160,108,92,1,-1,-1,-1
2,96,532,631,271,282,1,-1,-1,-1
2,97,372,383,238,219,1,-1,-1,-1
2,98,689,352,171,180,1,-1,-1,-1
2,103,577,262,130,114,1,-1,-1,-1
2,104,711,166,109,86,1,-1,-1,-1
3,96,526,657,270,287,1,-1,-1,-1
3,97,371,393,227,220,1,-1,-1,-1
3,98,692,360,160,183,1,-1,-1,-1
3,100,755,224,128,107,1,-1,-1,-1
3,103,578,265,128,116,1,-1,-1,-1
3,104,710,172,111,79,1,-1,-1,-1
4,96,516,665,283,309,1,-1,-1,-1
4,97,353,404,235,226,1,-1,-1,-1
4,98,689,361,162,190,1,-1,-1,-1
4,100,753,225,129,107,1,-1,-1,-1
4,103,575,266,130,118,1,-1,-1,-1
4,104,708,172,111,81,1,-1,-1,-1
5,96,512,703,284,317,1,-1,-1,-1
5,97,337,413,246,224,1,-1,-1,-1
5,98,686,362,164,191,1,-1,-1,-1
5,100,751,227,130,108,1,-1,-1,-1
5,103,572,269,130,119,1,-1,-1,-1
5,104,707,173,110,83,1,-1,-1,-1
6,96,496,713,303,341,1,-1,-1,-1
6,97,326,436,245,227,1,-1,-1,-1
6,98,677,373,171,197,1,-1,-1,-1
6,100,749,228,131,110,1,-1,-1,-1
6,103,570,271,130,118,1,-1,-1,-1
6,104,707,173,107,81,1,-1,-1,-1
7,96,481,752,317,328,1,-1,-1,-1
7,97,297,445,268,232,1,-1,-1,-1
7,98,670,383,177,201,1,-1,-1,-1
7,100,747,230,132,111,1,-1,-1,-1
7,103,568,273,131,117,1,-1,-1,-1
7,104,705,175,108,79,1,-1,-1,-1
8,97,287,457,270,240,1,-1,-1,-1
8,98,663,394,183,207,1,-1,-1,-1
8,100,745,231,133,113,1,-1,-1,-1
8,102,863,137,86,79,1,-1,-1,-1
8,103,566,275,131,116,1,-1,-1,-1
8,104,704,176,109,79,1,-1,-1,-1
9,97,264,468,283,252,1,-1,-1,-1
9,98,654,403,189,212,1,-1,-1,-1
9,100,743,233,134,114,1,-1,-1,-1
9,101,633,227,125,97,1,-1,-1,-1
9,102,861,138,87,80,1,-1,-1,-1
9,103,566,278,130,116,1,-1,-1,-1
9,104,702,177,110,79,1,-1,-1,-1
10,97,241,490,298,272,1,-1,-1,-1
10,98,647,414,196,217,1,-1,-1,-1
10,99,694,319,150,142,1,-1,-1,-1
10,100,741,235,135,117,1,-1,-1,-1
10,101,633,228,123,97,1,-1,-1,-1
10,102,859,139,87,81,1,-1,-1,-1
10,103,561,288,127,113,1,-1,-1,-1
10,104,701,176,109,81,1,-1,-1,-1
11,97,223,498,315,285,1,-1,-1,-1
11,98,639,424,201,222,1,-1,-1,-1
11,99,692,322,151,143,1,-1,-1,-1
11,100,738,236,136,118,1,-1,-1,-1
11,101,631,228,125,97,1,-1,-1,-1
11,102,857,140,88,83,1,-1,-1,-1
11,103,560,293,127,113,1,-1,-1,-1
11,104,699,176,109,83,1,-1,-1,-1
12,97,191,519,330,293,1,-1,-1,-1
12,98,632,435,208,228,1,-1,-1,-1
12,99,690,325,152,145,1,-1,-1,-1
12,100,736,238,138,120,1,-1,-1,-1
12,101,631,228,124,98,1,-1,-1,-1
12,102,855,141,89,84,1,-1,-1,-1
12,103,558,295,128,113,1,-1,-1,-1
12,104,696,176,113,84,1,-1,-1,-1
13,97,163,547,339,310,1,-1,-1,-1
13,98,624,445,215,233,1,-1,-1,-1
13,99,688,328,152,146,1,-1,-1,-1
13,100,734,239,139,122,1,-1,-1,-1
13,101,631,230,123,96,1,-1,-1,-1
13,102,852,142,89,85,1,-1,-1,-1
13,103,550,294,132,127,1,-1,-1,-1
13,104,694,177,114,84,1,-1,-1,-1
14,97,140,556,351,334,1,-1,-1,-1
14,98,616,455,220,238,1,-1,-1,-1
14,99,686,332,153,149,1,-1,-1,-1
14,100,732,240,140,123,1,-1,-1,-1
14,101,632,231,120,95,1,-1,-1,-1
14,102,850,143,90,86,1,-1,-1,-1
14,103,545,295,133,130,1,-1,-1,-1
14,104,692,178,114,84,1,-1,-1,-1
15,97,101,583,372,320,1,-1,-1,-1
15,98,609,466,227,243,1,-1,-1,-1
15,99,684,335,154,150,1,-1,-1,-1
15,100,730,242,141,125,1,-1,-1,-1
15,101,632,237,109,95,1,-1,-1,-1
15,102,848,144,91,87,1,-1,-1,-1
15,103,542,298,132,130,1,-1,-1,-1
15,104,691,179,113,84,1,-1,-1,-1
16,97,74,611,385,362,1,-1,-1,-1
16,98,600,476,233,249,1,-1,-1,-1
16,99,682,339,154,151,1,-1,-1,-1
16,100,728,243,142,127,1,-1,-1,-1
16,101,629,238,110,94,1,-1,-1,-1
16,102,846,145,91,88,1,-1,-1,-1
16,103,537,304,132,125,1,-1,-1,-1
16,104,688,179,116,85,1,-1,-1,-1
17,97,47,640,409,375,1,-1,-1,-1
17,98,593,487,240,253,1,-1,-1,-1
17,99,680,342,155,153,1,-1,-1,-1
17,100,726,245,143,129,1,-1,-1,-1
17,101,627,240,113,92,1,-1,-1,-1
17,102,844,146,92,89,1,-1,-1,-1
17,103,532,309,134,123,1,-1,-1,-1
17,104,687,180,117,85,1,-1,-1,-1
18,97,15,679,419,372,1,-1,-1,-1
18,98,586,496,245,259,1,-1,-1,-1
18,99,677,347,155,151,1,-1,-1,-1
18,100,722,247,144,130,1,-1,-1,-1
18,101,622,241,119,92,1,-1,-1,-1
18,102,842,147,94,90,1,-1,-1,-1
18,103,526,316,139,120,1,-1,-1,-1
18,104,685,181,118,85,1,-1,-1,-1
19,98,578,507,252,264,1,-1,-1,-1
19,99,673,363,155,145,1,-1,-1,-1
19,100,720,248,145,132,1,-1,-1,-1
19,101,620,242,121,92,1,-1,-1,-1
19,102,840,149,92,89,1,-1,-1,-1
19,103,515,319,145,127,1,-1,-1,-1
19,104,685,180,117,87,1,-1,-1,-1
20,98,570,518,259,268,1,-1,-1,-1
20,99,667,364,160,150,1,-1,-1,-1
20,100,718,250,146,133,1,-1,-1,-1
20,101,616,245,123,91,1,-1,-1,-1
20,102,838,152,92,89,1,-1,-1,-1
20,103,516,325,142,125,1,-1,-1,-1
20,104,685,181,114,88,1,-1,-1,-1
21,98,562,528,264,274,1,-1,-1,-1
21,99,664,367,163,155,1,-1,-1,-1
21,100,716,252,147,135,1,-1,-1,-1
21,101,613,247,124,92,1,-1,-1,-1
21,102,836,154,92,89,1,-1,-1,-1
21,103,511,329,139,133,1,-1,-1,-1
21,104,679,183,112,90,1,-1,-1,-1
22,98,547,563,275,274,1,-1,-1,-1
22,99,659,370,166,160,1,-1,-1,-1
22,100,714,253,149,136,1,-1,-1,-1
22,101,611,249,124,95,1,-1,-1,-1
22,102,834,157,92,89,1,-1,-1,-1
22,103,505,332,143,134,1,-1,-1,-1
22,104,678,185,112,90,1,-1,-1,-1
23,98,536,564,281,308,1,-1,-1,-1
23,99,648,373,172,167,1,-1,-1,-1
23,100,712,255,150,139,1,-1,-1,-1
23,101,609,249,127,96,1,-1,-1,-1
23,102,832,160,92,89,1,-1,-1,-1
23,103,496,340,147,130,1,-1,-1,-1
23,104,675,187,113,90,1,-1,-1,-1
24,98,527,573,288,331,1,-1,-1,-1
24,99,644,394,174,162,1,-1,-1,-1
24,100,710,257,152,141,1,-1,-1,-1
24,101,607,242,122,111,1,-1,-1,-1
24,102,831,162,92,89,1,-1,-1,-1
24,103,489,348,152,128,1,-1,-1,-1
24,104,672,188,117,90,1,-1,-1,-1
25,98,510,625,295,312,1,-1,-1,-1
25,99,637,392,182,176,1,-1,-1,-1
25,100,707,260,153,144,1,-1,-1,-1
25,101,606,246,122,107,1,-1,-1,-1
25,102,829,165,92,88,1,-1,-1,-1
25,103,483,353,155,129,1,-1,-1,-1
25,104,670,189,117,90,1,-1,-1,-1
26,98,497,625,308,354,1,-1,-1,-1
26,99,632,397,185,183,1,-1,-1,-1
26,100,705,264,155,147,1,-1,-1,-1
26,101,602,254,119,106,1,-1,-1,-1
26,102,827,168,92,88,1,-1,-1,-1
26,103,471,356,155,138,1,-1,-1,-1
26,104,667,191,118,89,1,-1,-1,-1
27,98,474,690,328,331,1,-1,-1,-1
27,99,628,402,187,180,1,-1,-1,-1
27,100,702,269,157,152,1,-1,-1,-1
27,101,603,261,118,95,1,-1,-1,-1
27,102,825,170,92,88,1,-1,-1,-1
27,103,462,367,164,141,1,-1,-1,-1
27,104,666,192,118,87,1,-1,-1,-1
28,98,445,674,359,399,1,-1,-1,-1
28,99,619,421,194,186,1,-1,-1,-1
28,100,700,273,160,155,1,-1,-1,-1
28,101,600,265,119,95,1,-1,-1,-1
28,102,823,173,92,88,1,-1,-1,-1
28,103,455,371,167,142,1,-1,-1,-1
28,104,663,193,119,87,1,-1,-1,-1
29,99,614,423,195,194,1,-1,-1,-1
29,100,697,277,162,158,1,-1,-1,-1
29,101,599,268,119,95,1,-1,-1,-1
29,102,821,176,92,88,1,-1,-1,-1
29,103,448,375,168,145,1,-1,-1,-1
29,104,662,193,117,88,1,-1,-1,-1
30,99,613,410,195,228,1,-1,-1,-1
30,100,695,282,164,163,1,-1,-1,-1
30,101,595,267,119,98,1,-1,-1,-1
30,102,820,178,92,88,1,-1,-1,-1
30,103,443,384,168,142,1,-1,-1,-1
30,104,660,193,117,92,1,-1,-1,-1
31,99,604,443,202,213,1,-1,-1,-1
31,100,691,285,166,166,1,-1,-1,-1
31,101,586,265,122,112,1,-1,-1,-1
31,102,818,181,92,87,1,-1,-1,-1
31,103,430,395,179,152,1,-1,-1,-1
31,104,658,193,117,94,1,-1,-1,-1
32,99,595,452,200,215,1,-1,-1,-1
32,100,689,289,168,169,1,-1,-1,-1
32,101,581,267,125,112,1,-1,-1,-1
32,102,816,184,91,87,1,-1,-1,-1
32,103,414,400,179,156,1,-1,-1,-1
32,104,655,191,117,100,1,-1,-1,-1
33,99,591,459,208,233,1,-1,-1,-1
33,100,686,294,171,174,1,-1,-1,-1
33,101,576,270,129,112,1,-1,-1,-1
33,102,812,185,96,89,1,-1,-1,-1
33,103,405,406,183,160,1,-1,-1,-1
33,104,654,192,116,100,1,-1,-1,-1
34,99,563,472,241,242,1,-1,-1,-1
34,100,684,298,172,177,1,-1,-1,-1
34,101,572,274,130,111,1,-1,-1,-1
34,102,808,187,99,92,1,-1,-1,-1
34,103,401,414,178,156,1,-1,-1,-1
34,104,645,200,125,98,1,-1,-1,-1
35,99,555,505,244,234,1,-1,-1,-1
35,100,681,302,174,180,1,-1,-1,-1
35,101,569,277,130,110,1,-1,-1,-1
35,102,805,188,100,95,1,-1,-1,-1
35,103,378,433,187,165,1,-1,-1,-1
35,104,644,196,124,102,1,-1,-1,-1
36,99,549,516,244,241,1,-1,-1,-1
36,100,679,307,176,185,1,-1,-1,-1
36,101,567,282,130,109,1,-1,-1,-1
36,102,806,189,98,96,1,-1,-1,-1
36,103,365,436,195,176,1,-1,-1,-1
36,104,642,196,125,102,1,-1,-1,-1
37,99,545,529,249,253,1,-1,-1,-1
37,100,676,310,178,188,1,-1,-1,-1
37,101,561,291,128,110,1,-1,-1,-1
37,102,806,191,96,97,1,-1,-1,-1
37,103,356,445,200,171,1,-1,-1,-1
37,104,640,197,128,103,1,-1,-1,-1
38,99,530,538,256,266,1,-1,-1,-1
38,100,674,314,180,191,1,-1,-1,-1
38,101,557,295,131,109,1,-1,-1,-1
38,102,801,198,100,97,1,-1,-1,-1
38,103,334,463,202,183,1,-1,-1,-1
38,104,642,197,113,109,1,-1,-1,-1
38,127,1737,376,179,134,1,-1,-1,-1
39,99,523,569,261,273,1,-1,-1,-1
39,100,671,319,183,196,1,-1,-1,-1
39,101,556,293,128,116,1,-1,-1,-1
39,102,799,202,97,97,1,-1,-1,-1
39,103,319,470,217,187,1,-1,-1,-1
39,104,640,198,114,109,1,-1,-1,-1
39,127,1722,380,195,119,1,-1,-1,-1
40,99,506,577,276,298,1,-1,-1,-1
40,100,669,323,185,199,1,-1,-1,-1
40,101,547,294,131,133,1,-1,-1,-1
40,102,797,202,99,99,1,-1,-1,-1
40,103,304,490,226,189,1,-1,-1,-1
40,104,637,202,116,109,1,-1,-1,-1
40,127,1664,341,182,127,1,-1,-1,-1
41,99,488,591,295,305,1,-1,-1,-1
41,100,666,327,187,202,1,-1,-1,-1
41,101,542,299,132,133,1,-1,-1,-1
41,102,797,207,98,97,1,-1,-1,-1
41,103,276,488,249,216,1,-1,-1,-1
41,104,633,207,120,106,1,-1,-1,-1
41,127,1629,321,179,123,1,-1,-1,-1
42,99,469,630,308,332,1,-1,-1,-1
42,100,663,332,189,207,1,-1,-1,-1
42,101,537,305,131,130,1,-1,-1,-1
42,102,798,211,95,96,1,-1,-1,-1
42,103,257,518,255,212,1,-1,-1,-1
42,104,627,212,123,102,1,-1,-1,-1
42,127,1618,314,184,123,1,-1,-1,-1
43,99,462,649,309,321,1,-1,-1,-1
43,100,656,340,195,215,1,-1,-1,-1
43,101,532,312,133,125,1,-1,-1,-1
43,102,796,215,96,96,1,-1,-1,-1
43,103,241,530,272,219,1,-1,-1,-1
43,104,622,217,127,101,1,-1,-1,-1
43,127,1592,305,168,120,1,-1,-1,-1
44,99,442,690,325,363,1,-1,-1,-1
44,100,650,350,201,223,1,-1,-1,-1
44,101,525,319,140,122,1,-1,-1,-1
44,102,793,218,99,99,1,-1,-1,-1
44,103,213,543,277,232,1,-1,-1,-1
44,104,618,220,127,105,1,-1,-1,-1
44,127,1566,288,157,116,1,-1,-1,-1
45,100,644,360,207,231,1,-1,-1,-1
45,101,514,325,144,125,1,-1,-1,-1
45,102,787,219,106,101,1,-1,-1,-1
45,103,190,554,290,243,1,-1,-1,-1
45,104,616,222,127,108,1,-1,-1,-1
45,127,1554,279,162,116,1,-1,-1,-1
46,100,637,369,213,240,1,-1,-1,-1
46,101,511,334,139,130,1,-1,-1,-1
46,102,784,221,107,103,1,-1,-1,-1
46,103,165,583,300,259,1,-1,-1,-1
46,104,613,222,127,111,1,-1,-1,-1
46,127,1532,270,145,113,1,-1,-1,-1
47,100,631,378,219,248,1,-1,-1,-1
47,101,503,341,141,130,1,-1,-1,-1
47,102,782,222,107,103,1,-1,-1,-1
47,103,129,606,317,261,1,-1,-1,-1
47,104,608,223,128,112,1,-1,-1,-1
47,127,1518,268,156,110,1,-1,-1,-1
48,100,625,387,226,256,1,-1,-1,-1
48,101,494,349,145,128,1,-1,-1,-1
48,102,778,224,108,107,1,-1,-1,-1
48,103,109,637,322,278,1,-1,-1,-1
48,104,604,230,130,107,1,-1,-1,-1
48,127,1500,253,135,108,1,-1,-1,-1
49,100,619,397,231,264,1,-1,-1,-1
49,101,487,355,149,130,1,-1,-1,-1
49,102,776,233,109,105,1,-1,-1,-1
49,103,85,649,330,300,1,-1,-1,-1
49,104,601,231,132,107,1,-1,-1,-1
49,127,1489,245,140,106,1,-1,-1,-1
50,100,612,407,238,273,1,-1,-1,-1
50,101,474,355,150,141,1,-1,-1,-1
50,102,771,229,113,116,1,-1,-1,-1
50,103,24,715,362,281,1,-1,-1,-1
50,104,597,229,128,116,1,-1,-1,-1
50,127,1469,235,129,109,1,-1,-1,-1
51,100,606,416,244,282,1,-1,-1,-1
51,101,465,370,157,143,1,-1,-1,-1
51,102,767,233,118,114,1,-1,-1,-1
51,103,7,705,363,339,1,-1,-1,-1
51,104,592,231,131,118,1,-1,-1,-1
51,127,1461,237,124,98,1,-1,-1,-1
52,100,600,431,248,294,1,-1,-1,-1
52,101,457,378,163,143,1,-1,-1,-1
52,102,766,238,117,113,1,-1,-1,-1
52,104,587,235,133,117,1,-1,-1,-1
52,127,1439,223,131,103,1,-1,-1,-1
53,100,594,446,251,306,1,-1,-1,-1
53,101,450,386,163,140,1,-1,-1,-1
53,102,764,245,118,111,1,-1,-1,-1
53,104,583,240,132,116,1,-1,-1,-1
53,127,1430,222,130,97,1,-1,-1,-1
54,100,587,461,254,318,1,-1,-1,-1
54,101,435,397,173,153,1,-1,-1,-1
54,102,761,251,119,113,1,-1,-1,-1
54,104,580,243,133,117,1,-1,-1,-1
54,127,1422,220,125,87,1,-1,-1,-1
55,100,582,476,259,330,1,-1,-1,-1
55,101,424,402,169,164,1,-1,-1,-1
55,102,757,254,122,117,1,-1,-1,-1
55,104,575,246,133,120,1,-1,-1,-1
55,127,1410,215,118,83,1,-1,-1,-1
56,100,568,498,273,352,1,-1,-1,-1
56,101,415,410,172,164,1,-1,-1,-1
56,102,755,256,122,119,1,-1,-1,-1
56,104,571,247,133,123,1,-1,-1,-1
56,127,1401,210,121,85,1,-1,-1,-1
56,129,1738,390,178,140,1,-1,-1,-1
57,100,554,520,288,374,1,-1,-1,-1
57,101,402,432,176,160,1,-1,-1,-1
57,102,755,263,121,122,1,-1,-1,-1
57,104,570,246,128,130,1,-1,-1,-1
57,105,748,150,91,85,1,-1,-1,-1
57,127,1395,208,112,83,1,-1,-1,-1
57,129,1706,383,177,132,1,-1,-1,-1
58,100,540,542,303,396,1,-1,-1,-1
58,101,383,437,182,175,1,-1,-1,-1
58,102,751,262,120,134,1,-1,-1,-1
58,104,566,248,132,131,1,-1,-1,-1
58,105,741,150,96,88,1,-1,-1,-1
58,127,1386,198,98,79,1,-1,-1,-1
58,129,1698,371,176,139,1,-1,-1,-1
59,100,527,564,318,418,1,-1,-1,-1
59,101,376,446,185,169,1,-1,-1,-1
59,102,747,269,124,138,1,-1,-1,-1
59,104,557,261,133,127,1,-1,-1,-1
59,105,733,151,102,91,1,-1,-1,-1
59,127,1376,195,107,79,1,-1,-1,-1
59,129,1664,349,167,133,1,-1,-1,-1
60,100,513,586,332,440,1,-1,-1,-1
60,101,358,459,195,188,1,-1,-1,-1
60,102,742,277,131,138,1,-1,-1,-1
60,104,551,263,136,129,1,-1,-1,-1
60,105,729,154,103,91,1,-1,-1,-1
60,127,1369,193,105,77,1,-1,-1,-1
60,129,1636,339,157,129,1,-1,-1,-1
61,100,499,609,348,463,1,-1,-1,-1
61,101,355,474,190,174,1,-1,-1,-1
61,102,740,283,132,134,1,-1,-1,-1
61,104,545,268,139,130,1,-1,-1,-1
61,105,730,156,98,91,1,-1,-1,-1
61,127,1364,188,100,78,1,-1,-1,-1
61,129,1605,323,154,120,1,-1,-1,-1
62,101,316,496,220,196,1,-1,-1,-1
62,102,733,296,134,134,1,-1,-1,-1
62,104,538,272,141,133,1,-1,-1,-1
62,105,720,157,96,84,1,-1,-1,-1
62,127,1363,185,94,77,1,-1,-1,-1
62,128,1756,327,160,108,1,-1,-1,-1
62,129,1594,313,155,125,1,-1,-1,-1
63,101,294,518,240,213,1,-1,-1,-1
63,102,731,302,134,134,1,-1,-1,-1
63,104,535,276,141,136,1,-1,-1,-1
63,105,711,159,101,85,1,-1,-1,-1
63,128,1747,319,160,110,1,-1,-1,-1
63,129,1569,302,147,123,1,-1,-1,-1
64,101,275,531,245,220,1,-1,-1,-1
64,102,728,309,135,140,1,-1,-1,-1
64,104,527,279,144,139,1,-1,-1,-1
64,105,711,168,105,89,1,-1,-1,-1
64,127,1347,179,95,74,1,-1,-1,-1
64,128,1716,309,156,110,1,-1,-1,-1
64,129,1540,289,144,113,1,-1,-1,-1
65,101,255,546,255,231,1,-1,-1,-1
65,102,723,315,138,142,1,-1,-1,-1
65,104,519,291,149,134,1,-1,-1,-1
65,105,704,171,109,86,1,-1,-1,-1
65,128,1705,306,158,108,1,-1,-1,-1
65,129,1532,280,142,118,1,-1,-1,-1
66,101,223,576,270,251,1,-1,-1,-1
66,102,718,329,140,145,1,-1,-1,-1
66,104,509,300,147,130,1,-1,-1,-1
66,105,696,174,116,85,1,-1,-1,-1
66,128,1681,292,145,102,1,-1,-1,-1
66,129,1511,269,133,119,1,-1,-1,-1
67,101,206,589,276,267,1,-1,-1,-1
67,102,713,336,142,150,1,-1,-1,-1
67,104,501,302,154,135,1,-1,-1,-1
67,105,689,174,121,88,1,-1,-1,-1
67,127,1329,168,96,73,1,-1,-1,-1
67,128,1650,282,150,102,1,-1,-1,-1
67,129,1501,257,128,114,1,-1,-1,-1
68,101,180,610,290,268,1,-1,-1,-1
68,102,708,342,145,153,1,-1,-1,-1
68,104,494,301,158,146,1,-1,-1,-1
68,105,686,178,120,91,1,-1,-1,-1
68,127,1324,166,96,73,1,-1,-1,-1
68,128,1646,273,136,107,1,-1,-1,-1
68,129,1480,259,124,99,1,-1,-1,-1
69,101,154,646,306,292,1,-1,-1,-1
69,102,702,357,151,157,1,-1,-1,-1
69,104,486,304,163,152,1,-1,-1,-1
69,105,689,182,111,92,1,-1,-1,-1
69,128,1619,263,140,99,1,-1,-1,-1
69,129,1469,252,129,101,1,-1,-1,-1
70,101,109,672,320,286,1,-1,-1,-1
70,102,692,365,157,165,1,-1,-1,-1
70,104,479,308,165,152,1,-1,-1,-1
70,105,673,175,109,90,1,-1,-1,-1
70,128,1615,261,130,95,1,-1,-1,-1
70,129,1461,245,124,101,1,-1,-1,-1
71,101,82,713,322,317,1,-1,-1,-1
71,102,688,374,160,165,1,-1,-1,-1
71,104,465,323,165,154,1,-1,-1,-1
71,105,674,180,106,90,1,-1,-1,-1
71,128,1616,257,110,94,1,-1,-1,-1
71,129,1442,236,124,100,1,-1,-1,-1
72,101,14,776,365,304,1,-1,-1,-1
72,102,676,392,168,171,1,-1,-1,-1
72,104,456,321,171,166,1,-1,-1,-1
72,105,674,185,103,92,1,-1,-1,-1
72,128,1582,250,128,91,1,-1,-1,-1
72,129,1433,229,122,98,1,-1,-1,-1
73,102,672,397,169,179,1,-1,-1,-1
73,104,449,327,174,172,1,-1,-1,-1
73,105,678,190,96,94,1,-1,-1,-1
73,128,1577,246,120,90,1,-1,-1,-1
73,129,1427,223,116,103,1,-1,-1,-1
74,102,668,394,173,221,1,-1,-1,-1
74,104,440,333,178,172,1,-1,-1,-1
74,105,662,206,113,89,1,-1,-1,-1
74,128,1561,235,105,84,1,-1,-1,-1
74,129,1412,218,110,95,1,-1,-1,-1
75,102,663,409,176,226,1,-1,-1,-1
75,104,428,344,186,178,1,-1,-1,-1
75,105,656,206,118,92,1,-1,-1,-1
75,128,1547,231,119,90,1,-1,-1,-1
75,129,1398,215,123,95,1,-1,-1,-1
76,102,650,454,186,195,1,-1,-1,-1
76,104,411,355,188,179,1,-1,-1,-1
76,105,652,207,119,97,1,-1,-1,-1
76,128,1542,229,113,88,1,-1,-1,-1
76,129,1389,211,123,90,1,-1,-1,-1
77,102,642,455,201,224,1,-1,-1,-1
77,104,399,361,195,184,1,-1,-1,-1
77,105,649,196,117,116,1,-1,-1,-1
77,128,1525,222,112,85,1,-1,-1,-1
77,129,1389,206,111,89,1,-1,-1,-1
78,102,618,467,221,241,1,-1,-1,-1
78,104,387,376,198,189,1,-1,-1,-1
78,105,646,201,118,110,1,-1,-1,-1
78,128,1513,219,120,84,1,-1,-1,-1
78,129,1379,201,106,94,1,-1,-1,-1
79,102,606,501,232,252,1,-1,-1,-1
79,104,374,382,194,199,1,-1,-1,-1
79,105,644,219,106,99,1,-1,-1,-1
79,128,1504,216,118,81,1,-1,-1,-1
79,129,1367,198,109,85,1,-1,-1,-1
80,102,592,519,250,255,1,-1,-1,-1
80,104,368,383,198,219,1,-1,-1,-1
80,105,637,222,111,101,1,-1,-1,-1
80,128,1504,212,103,80,1,-1,-1,-1
80,129,1358,197,111,84,1,-1,-1,-1
81,102,579,538,261,257,1,-1,-1,-1
81,104,340,393,227,223,1,-1,-1,-1
81,105,627,221,119,110,1,-1,-1,-1
81,128,1490,207,103,81,1,-1,-1,-1
81,129,1355,196,106,84,1,-1,-1,-1
82,102,564,575,267,290,1,-1,-1,-1
82,104,313,410,241,221,1,-1,-1,-1
82,105,616,220,125,116,1,-1,-1,-1
82,128,1482,201,101,78,1,-1,-1,-1
83,102,550,591,277,290,1,-1,-1,-1
83,104,298,418,252,226,1,-1,-1,-1
83,105,606,228,129,117,1,-1,-1,-1
83,128,1475,201,100,77,1,-1,-1,-1
84,102,534,622,286,338,1,-1,-1,-1
84,104,281,447,251,228,1,-1,-1,-1
84,105,599,228,124,123,1,-1,-1,-1
84,128,1473,198,96,77,1,-1,-1,-1
85,102,519,652,295,386,1,-1,-1,-1
85,104,262,455,259,244,1,-1,-1,-1
85,105,592,230,130,125,1,-1,-1,-1
85,128,1464,191,89,77,1,-1,-1,-1
86,104,246,464,270,256,1,-1,-1,-1
86,105,585,235,133,128,1,-1,-1,-1
86,128,1459,189,91,77,1,-1,-1,-1
86,130,1720,383,197,143,1,-1,-1,-1
87,104,212,499,282,260,1,-1,-1,-1
87,105,578,242,134,127,1,-1,-1,-1
87,128,1450,188,95,75,1,-1,-1,-1
87,130,1691,376,202,133,1,-1,-1,-1
87,222,490,224,132,105,1,-1,-1,-1
88,104,190,506,293,286,1,-1,-1,-1
88,105,572,248,135,125,1,-1,-1,-1
88,128,1443,185,94,75,1,-1,-1,-1
88,130,1660,346,190,133,1,-1,-1,-1
88,222,479,229,135,107,1,-1,-1,-1
89,104,164,518,307,300,1,-1,-1,-1
89,105,568,259,130,129,1,-1,-1,-1
89,128,1438,183,91,74,1,-1,-1,-1
89,130,1657,339,180,132,1,-1,-1,-1
89,222,468,234,138,109,1,-1,-1,-1
90,104,120,555,322,319,1,-1,-1,-1
90,105,553,267,136,128,1,-1,-1,-1
90,130,1617,311,191,143,1,-1,-1,-1
90,222,457,238,141,110,1,-1,-1,-1
91,104,98,561,333,347,1,-1,-1,-1
91,105,550,271,138,133,1,-1,-1,-1
91,130,1591,310,182,127,1,-1,-1,-1
91,222,445,243,144,112,1,-1,-1,-1
92,104,71,606,341,358,1,-1,-1,-1
92,105,540,275,142,136,1,-1,-1,-1
92,130,1588,308,166,120,1,-1,-1,-1
92,222,433,248,146,113,1,-1,-1,-1
93,104,18,624,399,400,1,-1,-1,-1
93,105,531,279,143,138,1,-1,-1,-1
93,130,1554,286,171,120,1,-1,-1,-1
93,222,422,253,150,116,1,-1,-1,-1
94,105,520,291,149,142,1,-1,-1,-1
94,130,1532,280,162,113,1,-1,-1,-1
94,205,1758,326,158,142,1,-1,-1,-1
94,222,411,257,153,117,1,-1,-1,-1
95,105,507,299,152,143,1,-1,-1,-1
95,130,1525,274,154,116,1,-1,-1,-1
95,205,1743,319,173,139,1,-1,-1,-1
95,222,400,262,155,119,1,-1,-1,-1
96,105,498,301,157,154,1,-1,-1,-1
96,130,1504,266,149,117,1,-1,-1,-1
96,205,1729,313,175,136,1,-1,-1,-1
96,222,389,267,158,121,1,-1,-1,-1
97,105,489,306,158,154,1,-1,-1,-1
97,106,840,170,98,79,1,-1,-1,-1
97,130,1490,252,149,113,1,-1,-1,-1
97,205,1716,307,172,134,1,-1,-1,-1
97,222,378,270,162,122,1,-1,-1,-1
98,105,476,318,165,164,1,-1,-1,-1
98,106,837,171,102,80,1,-1,-1,-1
98,130,1475,243,141,113,1,-1,-1,-1
98,204,1580,240,122,99,1,-1,-1,-1
98,205,1702,301,169,131,1,-1,-1,-1
98,222,367,275,164,124,1,-1,-1,-1
99,105,458,325,169,171,1,-1,-1,-1
99,106,832,174,101,80,1,-1,-1,-1
99,130,1470,237,134,114,1,-1,-1,-1
99,204,1568,234,119,97,1,-1,-1,-1
99,205,1688,294,166,129,1,-1,-1,-1
100,105,449,330,173,173,1,-1,-1,-1
100,106,830,176,103,81,1,-1,-1,-1
100,130,1460,232,131,114,1,-1,-1,-1
100,204,1555,228,117,96,1,-1,-1,-1
100,205,1676,288,163,127,1,-1,-1,-1
101,105,435,349,179,176,1,-1,-1,-1
101,106,828,180,101,80,1,-1,-1,-1
101,130,1438,222,136,108,1,-1,-1,-1
101,204,1542,222,113,95,1,-1,-1,-1
101,205,1662,282,160,123,1,-1,-1,-1
101,222,333,289,173,129,1,-1,-1,-1
102,105,415,358,185,182,1,-1,-1,-1
102,106,825,187,101,77,1,-1,-1,-1
102,130,1432,219,131,107,1,-1,-1,-1
102,204,1529,216,111,94,1,-1,-1,-1
102,205,1649,277,157,121,1,-1,-1,-1
103,105,409,366,184,177,1,-1,-1,-1
103,106,822,190,105,78,1,-1,-1,-1
103,130,1424,218,129,100,1,-1,-1,-1
103,204,1522,213,110,92,1,-1,-1,-1
103,205,1635,271,154,119,1,-1,-1,-1
103,222,311,299,179,133,1,-1,-1,-1
104,105,389,377,193,210,1,-1,-1,-1
104,106,817,193,108,79,1,-1,-1,-1
104,130,1418,210,128,100,1,-1,-1,-1
104,204,1516,210,109,91,1,-1,-1,-1
104,205,1621,264,151,116,1,-1,-1,-1
104,222,286,306,187,136,1,-1,-1,-1
105,105,373,385,198,223,1,-1,-1,-1
105,106,815,194,109,85,1,-1,-1,-1
105,107,738,159,94,84,1,-1,-1,-1
105,130,1403,201,127,105,1,-1,-1,-1
105,204,1510,207,108,90,1,-1,-1,-1
105,205,1608,258,149,113,1,-1,-1,-1
105,222,260,313,195,140,1,-1,-1,-1
106,105,337,400,240,226,1,-1,-1,-1
106,106,811,196,109,86,1,-1,-1,-1
106,107,736,161,94,84,1,-1,-1,-1
106,130,1395,207,125,94,1,-1,-1,-1
106,204,1503,204,107,89,1,-1,-1,-1
106,205,1594,252,145,111,1,-1,-1,-1
106,222,235,321,202,143,1,-1,-1,-1
107,105,309,415,244,226,1,-1,-1,-1
107,106,806,204,112,92,1,-1,-1,-1
107,107,737,162,88,79,1,-1,-1,-1
107,130,1391,203,118,92,1,-1,-1,-1
107,204,1497,201,106,88,1,-1,-1,-1
107,205,1582,246,142,108,1,-1,-1,-1
107,222,209,327,210,146,1,-1,-1,-1
108,105,292,436,252,249,1,-1,-1,-1
108,106,801,209,119,89,1,-1,-1,-1
108,107,726,168,90,85,1,-1,-1,-1
108,130,1381,193,102,91,1,-1,-1,-1
108,131,1744,314,172,127,1,-1,-1,-1
108,204,1491,198,105,87,1,-1,-1,-1
108,205,1568,239,139,106,1,-1,-1,-1
108,222,184,334,218,150,1,-1,-1,-1
109,105,267,449,262,262,1,-1,-1,-1
109,106,794,214,124,91,1,-1,-1,-1
109,107,721,167,95,91,1,-1,-1,-1
109,130,1372,191,112,96,1,-1,-1,-1
109,131,1734,306,175,124,1,-1,-1,-1
109,204,1485,196,105,86,1,-1,-1,-1
109,205,1554,233,136,103,1,-1,-1,-1
109,222,159,342,226,153,1,-1,-1,-1
110,105,247,466,273,263,1,-1,-1,-1
110,106,790,219,128,91,1,-1,-1,-1
110,107,713,170,100,91,1,-1,-1,-1
110,130,1366,192,113,90,1,-1,-1,-1
110,131,1702,298,174,124,1,-1,-1,-1
110,204,1478,193,103,85,1,-1,-1,-1
110,205,1541,227,133,100,1,-1,-1,-1
110,222,133,349,233,156,1,-1,-1,-1
111,105,205,494,285,293,1,-1,-1,-1
111,106,792,218,121,102,1,-1,-1,-1
111,107,706,174,105,89,1,-1,-1,-1
111,130,1360,189,112,86,1,-1,-1,-1
111,131,1678,291,169,114,1,-1,-1,-1
111,205,1527,222,130,98,1,-1,-1,-1
111,222,108,357,241,160,1,-1,-1,-1
112,105,177,505,300,315,1,-1,-1,-1
112,106,789,225,116,101,1,-1,-1,-1
112,107,699,177,110,89,1,-1,-1,-1
112,130,1355,185,112,86,1,-1,-1,-1
112,131,1670,283,166,117,1,-1,-1,-1
112,205,1514,216,128,96,1,-1,-1,-1
112,222,83,364,249,163,1,-1,-1,-1
113,105,154,543,312,340,1,-1,-1,-1
113,106,789,232,112,105,1,-1,-1,-1
113,107,693,180,112,89,1,-1,-1,-1
113,130,1359,181,99,83,1,-1,-1,-1
113,131,1644,273,167,120,1,-1,-1,-1
113,205,1506,213,125,95,1,-1,-1,-1
113,222,57,370,256,166,1,-1,-1,-1
114,105,108,569,334,331,1,-1,-1,-1
114,106,785,235,117,107,1,-1,-1,-1
114,107,690,180,113,94,1,-1,-1,-1
114,130,1348,172,97,89,1,-1,-1,-1
114,131,1640,267,154,119,1,-1,-1,-1
114,205,1499,210,124,94,1,-1,-1,-1
114,209,851,162,90,80,1,-1,-1,-1
114,222,32,378,264,169,1,-1,-1,-1
115,105,65,600,364,389,1,-1,-1,-1
115,106,779,241,121,108,1,-1,-1,-1
115,107,691,181,105,96,1,-1,-1,-1
115,130,1345,172,94,86,1,-1,-1,-1
115,131,1631,260,149,110,1,-1,-1,-1
115,205,1491,207,123,92,1,-1,-1,-1
115,209,846,166,92,83,1,-1,-1,-1
115,222,7,385,272,173,1,-1,-1,-1
116,105,17,643,391,405,1,-1,-1,-1
116,106,772,250,125,109,1,-1,-1,-1
116,107,682,187,102,98,1,-1,-1,-1
116,130,1341,169,92,85,1,-1,-1,-1
116,131,1612,257,147,107,1,-1,-1,-1
116,205,1484,204,122,91,1,-1,-1,-1
116,209,841,171,96,85,1,-1,-1,-1
116,222,0,393,278,177,1,-1,-1,-1
117,106,768,256,125,111,1,-1,-1,-1
117,107,674,187,111,101,1,-1,-1,-1
117,130,1336,170,91,80,1,-1,-1,-1
117,131,1604,251,143,107,1,-1,-1,-1
117,205,1478,201,121,90,1,-1,-1,-1
117,209,836,175,98,88,1,-1,-1,-1
118,106,761,269,129,114,1,-1,-1,-1
118,107,670,191,112,100,1,-1,-1,-1
118,130,1332,159,90,78,1,-1,-1,-1
118,131,1585,241,141,110,1,-1,-1,-1
118,205,1470,198,120,89,1,-1,-1,-1
118,209,830,180,101,90,1,-1,-1,-1
119,106,756,274,133,119,1,-1,-1,-1
119,107,660,193,119,110,1,-1,-1,-1
119,131,1581,236,132,110,1,-1,-1,-1
119,205,1463,195,118,89,1,-1,-1,-1
119,209,825,184,105,92,1,-1,-1,-1
120,106,754,278,132,125,1,-1,-1,-1
120,107,653,196,122,111,1,-1,-1,-1
120,131,1572,232,128,109,1,-1,-1,-1
120,205,1455,192,117,88,1,-1,-1,-1
120,209,820,189,107,96,1,-1,-1,-1
121,106,749,286,138,121,1,-1,-1,-1
121,107,647,200,123,112,1,-1,-1,-1
121,131,1553,230,132,107,1,-1,-1,-1
121,205,1448,189,116,87,1,-1,-1,-1
121,209,815,193,110,98,1,-1,-1,-1
122,106,738,304,140,132,1,-1,-1,-1
122,107,644,204,123,111,1,-1,-1,-1
122,131,1548,223,129,106,1,-1,-1,-1
122,205,1441,186,114,86,1,-1,-1,-1
122,209,810,197,112,101,1,-1,-1,-1
123,106,732,310,144,136,1,-1,-1,-1
123,107,638,212,118,109,1,-1,-1,-1
123,131,1538,226,132,96,1,-1,-1,-1
123,205,1433,183,113,85,1,-1,-1,-1
123,209,806,201,116,103,1,-1,-1,-1
124,106,727,335,143,130,1,-1,-1,-1
124,107,631,219,122,108,1,-1,-1,-1
124,131,1536,222,122,89,1,-1,-1,-1
124,205,1426,180,112,84,1,-1,-1,-1
124,209,801,206,119,106,1,-1,-1,-1
125,106,718,336,151,149,1,-1,-1,-1
125,107,624,222,125,110,1,-1,-1,-1
125,131,1518,217,123,91,1,-1,-1,-1
125,205,1418,177,111,83,1,-1,-1,-1
125,209,796,210,121,109,1,-1,-1,-1
126,106,711,344,155,147,1,-1,-1,-1
126,107,614,227,128,117,1,-1,-1,-1
126,131,1508,216,133,90,1,-1,-1,-1
126,205,1411,174,109,83,1,-1,-1,-1
126,209,790,215,124,111,1,-1,-1,-1
127,106,702,364,160,163,1,-1,-1,-1
127,107,607,229,131,118,1,-1,-1,-1
127,131,1500,213,133,88,1,-1,-1,-1
127,205,1404,171,108,81,1,-1,-1,-1
127,209,785,219,127,114,1,-1,-1,-1
128,106,688,376,165,156,1,-1,-1,-1
128,107,595,230,128,124,1,-1,-1,-1
128,131,1493,208,131,91,1,-1,-1,-1
128,205,1396,168,107,80,1,-1,-1,-1
128,209,780,224,130,117,1,-1,-1,-1
129,106,678,396,177,172,1,-1,-1,-1
129,107,594,236,128,129,1,-1,-1,-1
129,131,1484,201,122,99,1,-1,-1,-1
129,205,1389,165,106,79,1,-1,-1,-1
129,209,775,228,133,119,1,-1,-1,-1
130,106,667,397,184,215,1,-1,-1,-1
130,107,586,241,130,132,1,-1,-1,-1
130,131,1483,201,118,96,1,-1,-1,-1
130,205,1381,162,105,78,1,-1,-1,-1
130,209,770,232,135,122,1,-1,-1,-1
131,106,655,408,196,230,1,-1,-1,-1
131,107,576,247,132,130,1,-1,-1,-1
131,131,1479,197,111,83,1,-1,-1,-1
131,205,1374,160,103,77,1,-1,-1,-1
131,209,765,236,139,124,1,-1,-1,-1
132,106,641,451,212,230,1,-1,-1,-1
132,107,566,259,138,132,1,-1,-1,-1
132,131,1472,196,110,81,1,-1,-1,-1
132,205,1367,158,102,77,1,-1,-1,-1
132,209,761,241,142,128,1,-1,-1,-1
133,106,614,465,234,248,1,-1,-1,-1
133,107,550,266,144,134,1,-1,-1,-1
133,131,1467,193,109,81,1,-1,-1,-1
133,209,751,253,146,134,1,-1,-1,-1
134,106,607,517,240,233,1,-1,-1,-1
134,107,544,272,146,139,1,-1,-1,-1
134,131,1458,187,102,83,1,-1,-1,-1
134,209,743,265,152,141,1,-1,-1,-1
135,106,589,530,256,253,1,-1,-1,-1
135,107,534,279,146,138,1,-1,-1,-1
135,131,1452,186,108,83,1,-1,-1,-1
135,209,735,276,156,147,1,-1,-1,-1
136,106,565,575,276,287,1,-1,-1,-1
136,107,519,290,156,145,1,-1,-1,-1
136,131,1448,185,107,79,1,-1,-1,-1
136,209,727,288,162,154,1,-1,-1,-1
136,210,773,210,129,121,1,-1,-1,-1
137,106,536,612,304,325,1,-1,-1,-1
137,107,501,297,162,151,1,-1,-1,-1
137,131,1441,183,108,78,1,-1,-1,-1
137,209,718,300,167,161,1,-1,-1,-1
137,210,769,213,131,122,1,-1,-1,-1
138,106,507,650,330,362,1,-1,-1,-1
138,107,489,303,166,156,1,-1,-1,-1
138,131,1434,181,108,79,1,-1,-1,-1
138,209,710,311,172,167,1,-1,-1,-1
138,210,765,217,133,123,1,-1,-1,-1
139,106,479,688,358,392,1,-1,-1,-1
139,107,476,320,172,157,1,-1,-1,-1
139,131,1430,178,108,79,1,-1,-1,-1
139,209,702,323,177,174,1,-1,-1,-1
139,210,761,221,135,124,1,-1,-1,-1
140,107,459,322,174,173,1,-1,-1,-1
140,131,1429,176,102,78,1,-1,-1,-1
140,209,694,335,183,180,1,-1,-1,-1
140,210,758,225,138,127,1,-1,-1,-1
141,107,449,329,177,177,1,-1,-1,-1
141,131,1423,173,99,79,1,-1,-1,-1
141,209,686,347,187,187,1,-1,-1,-1
141,210,750,235,142,133,1,-1,-1,-1
142,107,432,347,187,180,1,-1,-1,-1
142,109,689,118,128,145,1,-1,-1,-1
142,131,1421,172,99,79,1,-1,-1,-1
142,209,677,358,193,194,1,-1,-1,-1
142,210,741,245,147,140,1,-1,-1,-1
143,107,408,355,198,188,1,-1,-1,-1
143,109,686,117,130,147,1,-1,-1,-1
143,131,1418,173,95,76,1,-1,-1,-1
143,209,669,370,198,200,1,-1,-1,-1
143,210,733,254,152,147,1,-1,-1,-1
144,107,392,380,202,187,1,-1,-1,-1
144,109,684,116,130,149,1,-1,-1,-1
144,209,661,382,202,207,1,-1,-1,-1
144,210,725,264,157,154,1,-1,-1,-1
145,107,362,381,233,211,1,-1,-1,-1
145,108,807,190,110,91,1,-1,-1,-1
145,109,677,121,131,150,1,-1,-1,-1
145,209,653,393,208,213,1,-1,-1,-1
145,210,717,274,163,161,1,-1,-1,-1
146,107,342,395,239,221,1,-1,-1,-1
146,108,793,207,122,91,1,-1,-1,-1
146,109,669,126,132,152,1,-1,-1,-1
146,209,644,405,213,221,1,-1,-1,-1
146,210,708,283,167,168,1,-1,-1,-1
147,107,309,410,249,226,1,-1,-1,-1
147,108,791,202,124,106,1,-1,-1,-1
147,109,662,131,133,153,1,-1,-1,-1
147,209,632,428,222,243,1,-1,-1,-1
147,210,701,294,173,175,1,-1,-1,-1
148,107,291,445,253,230,1,-1,-1,-1
148,108,788,211,118,102,1,-1,-1,-1
148,109,655,136,134,154,1,-1,-1,-1
148,209,619,451,232,266,1,-1,-1,-1
148,210,693,304,178,182,1,-1,-1,-1
149,107,264,455,267,251,1,-1,-1,-1
149,108,785,218,119,102,1,-1,-1,-1
149,109,647,141,135,156,1,-1,-1,-1
149,209,607,474,242,288,1,-1,-1,-1
149,210,685,313,183,189,1,-1,-1,-1
150,107,243,471,277,252,1,-1,-1,-1
150,108,781,222,121,106,1,-1,-1,-1
150,109,640,146,136,157,1,-1,-1,-1
150,209,595,497,252,311,1,-1,-1,-1
150,210,676,323,188,196,1,-1,-1,-1
151,107,197,499,294,294,1,-1,-1,-1
151,108,775,231,124,113,1,-1,-1,-1
151,109,622,147,147,174,1,-1,-1,-1
151,209,566,540,279,340,1,-1,-1,-1
151,210,668,333,194,202,1,-1,-1,-1
152,107,171,516,299,300,1,-1,-1,-1
152,108,768,235,129,114,1,-1,-1,-1
152,109,618,140,153,188,1,-1,-1,-1
152,209,538,583,307,369,1,-1,-1,-1
152,210,660,342,198,210,1,-1,-1,-1
153,107,110,553,337,340,1,-1,-1,-1
153,108,762,242,130,118,1,-1,-1,-1
153,109,609,142,156,196,1,-1,-1,-1
153,209,510,627,334,397,1,-1,-1,-1
153,210,652,352,204,217,1,-1,-1,-1
154,107,94,576,330,326,1,-1,-1,-1
154,108,759,247,130,121,1,-1,-1,-1
154,109,601,145,160,204,1,-1,-1,-1
154,209,482,671,363,409,1,-1,-1,-1
154,210,645,363,209,224,1,-1,-1,-1
154,211,808,192,109,90,1,-1,-1,-1
155,107,21,624,413,400,1,-1,-1,-1
155,108,752,262,131,122,1,-1,-1,-1
155,109,593,147,163,210,1,-1,-1,-1
155,210,630,382,219,242,1,-1,-1,-1
155,211,802,199,111,94,1,-1,-1,-1
156,107,0,663,393,397,1,-1,-1,-1
156,108,746,266,139,128,1,-1,-1,-1
156,109,584,149,166,218,1,-1,-1,-1
156,210,617,401,230,260,1,-1,-1,-1
156,211,796,207,113,97,1,-1,-1,-1
157,108,737,273,142,132,1,-1,-1,-1
157,109,576,152,169,224,1,-1,-1,-1
157,210,602,420,240,277,1,-1,-1,-1
158,108,729,281,147,131,1,-1,-1,-1
158,109,568,154,173,232,1,-1,-1,-1
158,210,589,441,251,296,1,-1,-1,-1
159,108,721,298,150,139,1,-1,-1,-1
159,109,559,159,176,235,1,-1,-1,-1
159,210,566,475,272,329,1,-1,-1,-1
159,211,779,229,120,107,1,-1,-1,-1
160,108,710,303,157,143,1,-1,-1,-1
160,109,550,164,180,240,1,-1,-1,-1
160,110,843,174,92,79,1,-1,-1,-1
160,210,543,511,294,362,1,-1,-1,-1
161,108,702,329,161,141,1,-1,-1,-1
161,109,541,169,184,243,1,-1,-1,-1
161,110,843,176,92,78,1,-1,-1,-1
161,210,520,546,316,395,1,-1,-1,-1
161,211,766,244,124,114,1,-1,-1,-1
162,108,693,327,173,160,1,-1,-1,-1
162,109,532,173,189,246,1,-1,-1,-1
162,110,833,184,98,76,1,-1,-1,-1
162,210,497,582,338,428,1,-1,-1,-1
162,211,761,252,127,118,1,-1,-1,-1
163,108,682,335,173,165,1,-1,-1,-1
163,109,521,175,195,254,1,-1,-1,-1
163,110,829,185,101,80,1,-1,-1,-1
163,207,1740,406,177,157,1,-1,-1,-1
163,210,475,617,360,462,1,-1,-1,-1
164,108,672,356,183,176,1,-1,-1,-1
164,109,515,176,191,257,1,-1,-1,-1
164,110,827,189,100,83,1,-1,-1,-1
164,207,1715,393,195,153,1,-1,-1,-1
164,211,749,266,131,124,1,-1,-1,-1
165,108,665,367,188,165,1,-1,-1,-1
165,109,493,185,207,266,1,-1,-1,-1
165,110,822,191,101,87,1,-1,-1,-1
165,207,1692,380,189,149,1,-1,-1,-1
165,211,743,274,133,129,1,-1,-1,-1
166,108,648,391,206,179,1,-1,-1,-1
166,109,470,194,222,275,1,-1,-1,-1
166,110,820,192,97,88,1,-1,-1,-1
166,207,1670,367,184,144,1,-1,-1,-1
166,211,738,282,135,132,1,-1,-1,-1
167,108,626,392,238,233,1,-1,-1,-1
167,109,448,201,238,284,1,-1,-1,-1
167,110,809,204,110,94,1,-1,-1,-1
167,207,1647,355,178,140,1,-1,-1,-1
167,211,732,289,138,135,1,-1,-1,-1
168,108,595,438,262,231,1,-1,-1,-1
168,109,426,210,253,293,1,-1,-1,-1
168,110,803,207,116,96,1,-1,-1,-1
168,113,668,71,190,216,1,-1,-1,-1
168,207,1624,342,173,135,1,-1,-1,-1
168,211,726,297,140,139,1,-1,-1,-1
169,108,592,445,259,257,1,-1,-1,-1
169,109,404,218,268,301,1,-1,-1,-1
169,110,798,209,121,100,1,-1,-1,-1
169,113,659,72,195,221,1,-1,-1,-1
169,207,1601,329,167,131,1,-1,-1,-1
169,211,720,305,142,142,1,-1,-1,-1
170,108,577,461,273,262,1,-1,-1,-1
170,109,375,228,283,328,1,-1,-1,-1
170,110,798,212,117,109,1,-1,-1,-1
170,113,650,74,199,228,1,-1,-1,-1
170,207,1579,316,162,127,1,-1,-1,-1
170,211,714,312,144,146,1,-1,-1,-1
171,108,552,503,296,295,1,-1,-1,-1
171,109,346,238,298,355,1,-1,-1,-1
171,110,796,219,118,109,1,-1,-1,-1
171,113,641,75,204,233,1,-1,-1,-1
171,207,1556,303,156,122,1,-1,-1,-1
171,211,702,330,152,153,1,-1,-1,-1
172,108,534,554,309,315,1,-1,-1,-1
172,109,318,248,314,383,1,-1,-1,-1
172,110,789,231,124,107,1,-1,-1,-1
172,113,632,77,208,240,1,-1,-1,-1
172,207,1533,291,151,118,1,-1,-1,-1
172,211,691,348,160,161,1,-1,-1,-1
173,108,526,568,312,308,1,-1,-1,-1
173,109,290,256,328,409,1,-1,-1,-1
173,110,788,233,113,113,1,-1,-1,-1
173,111,828,185,102,78,1,-1,-1,-1
173,113,622,79,212,245,1,-1,-1,-1
173,207,1510,278,145,113,1,-1,-1,-1
173,211,679,365,167,167,1,-1,-1,-1
174,108,508,637,337,307,1,-1,-1,-1
174,109,261,266,343,437,1,-1,-1,-1
174,110,781,240,119,119,1,-1,-1,-1
174,111,826,188,101,81,1,-1,-1,-1
174,113,613,81,217,252,1,-1,-1,-1
174,207,1488,266,140,109,1,-1,-1,-1
174,211,667,383,176,175,1,-1,-1,-1
175,108,445,666,421,391,1,-1,-1,-1
175,109,233,276,358,464,1,-1,-1,-1
175,110,773,246,125,123,1,-1,-1,-1
175,111,821,191,102,84,1,-1,-1,-1
175,113,604,82,222,259,1,-1,-1,-1
175,207,1477,260,136,107,1,-1,-1,-1
175,211,656,401,184,182,1,-1,-1,-1
176,109,224,276,361,475,1,-1,-1,-1
176,110,767,261,129,123,1,-1,-1,-1
176,111,815,194,106,87,1,-1,-1,-1
176,113,595,84,227,264,1,-1,-1,-1
176,133,1703,378,186,134,1,-1,-1,-1
176,207,1467,254,134,105,1,-1,-1,-1
176,211,644,418,191,189,1,-1,-1,-1
177,109,168,307,416,508,1,-1,-1,-1
177,110,762,267,133,129,1,-1,-1,-1
177,111,813,205,101,90,1,-1,-1,-1
177,113,586,86,231,271,1,-1,-1,-1
177,133,1693,370,188,134,1,-1,-1,-1
177,207,1457,248,131,102,1,-1,-1,-1
177,211,633,436,200,197,1,-1,-1,-1
178,109,113,337,471,540,1,-1,-1,-1
178,110,760,275,134,134,1,-1,-1,-1
178,111,807,209,108,89,1,-1,-1,-1
178,113,576,86,235,276,1,-1,-1,-1
178,133,1670,346,162,130,1,-1,-1,-1
178,207,1447,242,129,100,1,-1,-1,-1
178,211,612,472,216,220,1,-1,-1,-1
179,109,57,368,527,572,1,-1,-1,-1
179,110,752,293,139,135,1,-1,-1,-1
179,111,797,214,119,89,1,-1,-1,-1
179,113,567,88,240,283,1,-1,-1,-1
179,133,1635,321,158,129,1,-1,-1,-1
179,207,1437,237,125,98,1,-1,-1,-1
179,211,592,508,231,243,1,-1,-1,-1
180,109,11,385,525,622,1,-1,-1,-1
180,110,746,295,143,146,1,-1,-1,-1
180,111,794,211,120,108,1,-1,-1,-1
180,113,558,90,244,288,1,-1,-1,-1
180,133,1611,314,147,124,1,-1,-1,-1
180,207,1427,231,123,96,1,-1,-1,-1
180,211,571,544,246,266,1,-1,-1,-1
181,110,737,306,143,144,1,-1,-1,-1
181,111,788,219,118,107,1,-1,-1,-1
181,113,549,92,250,295,1,-1,-1,-1
181,133,1601,303,147,131,1,-1,-1,-1
181,207,1417,226,120,94,1,-1,-1,-1
181,211,550,580,263,289,1,-1,-1,-1
182,110,729,328,147,151,1,-1,-1,-1
182,111,786,223,117,107,1,-1,-1,-1
182,113,539,93,254,301,1,-1,-1,-1
182,133,1571,284,141,132,1,-1,-1,-1
182,206,1488,197,117,97,1,-1,-1,-1
182,207,1407,220,118,91,1,-1,-1,-1
182,211,529,616,278,312,1,-1,-1,-1
183,110,719,326,157,174,1,-1,-1,-1
183,111,780,232,117,113,1,-1,-1,-1
183,113,530,95,259,307,1,-1,-1,-1
183,133,1547,281,136,119,1,-1,-1,-1
183,206,1481,194,114,96,1,-1,-1,-1
183,207,1397,214,114,89,1,-1,-1,-1
183,211,509,652,294,336,1,-1,-1,-1
184,110,709,356,163,168,1,-1,-1,-1
184,111,774,238,121,114,1,-1,-1,-1
184,113,521,97,263,314,1,-1,-1,-1
184,133,1539,272,131,120,1,-1,-1,-1
184,206,1474,191,113,95,1,-1,-1,-1
184,207,1387,208,112,87,1,-1,-1,-1
184,211,488,689,310,359,1,-1,-1,-1
185,110,701,362,168,172,1,-1,-1,-1
185,111,768,248,124,113,1,-1,-1,-1
185,113,512,99,267,319,1,-1,-1,-1
185,133,1520,267,150,117,1,-1,-1,-1
185,134,1750,316,157,119,1,-1,-1,-1
185,206,1467,188,111,94,1,-1,-1,-1
185,207,1377,202,109,85,1,-1,-1,-1
186,110,686,372,186,220,1,-1,-1,-1
186,111,763,254,125,113,1,-1,-1,-1
186,113,503,100,272,326,1,-1,-1,-1
186,133,1501,257,132,107,1,-1,-1,-1
186,134,1717,307,160,116,1,-1,-1,-1
186,206,1460,184,109,92,1,-1,-1,-1
186,207,1367,196,107,83,1,-1,-1,-1
187,110,676,388,193,230,1,-1,-1,-1
187,111,757,269,129,118,1,-1,-1,-1
187,112,834,181,92,74,1,-1,-1,-1
187,113,493,102,277,332,1,-1,-1,-1
187,133,1484,245,120,108,1,-1,-1,-1
187,134,1709,304,156,113,1,-1,-1,-1
187,206,1453,181,107,91,1,-1,-1,-1
187,207,1357,191,105,81,1,-1,-1,-1
188,110,667,395,204,252,1,-1,-1,-1
188,111,752,275,134,122,1,-1,-1,-1
188,112,830,185,92,74,1,-1,-1,-1
188,113,464,106,298,361,1,-1,-1,-1
188,133,1473,240,123,108,1,-1,-1,-1
188,134,1680,286,146,112,1,-1,-1,-1
188,206,1446,178,106,90,1,-1,-1,-1
188,207,1351,187,103,80,1,-1,-1,-1
188,208,1739,396,178,162,1,-1,-1,-1
189,110,645,449,223,250,1,-1,-1,-1
189,111,741,282,139,127,1,-1,-1,-1
189,112,826,189,95,73,1,-1,-1,-1
189,113,436,109,319,391,1,-1,-1,-1
189,133,1470,238,110,101,1,-1,-1,-1
189,134,1651,275,150,111,1,-1,-1,-1
189,206,1439,175,103,89,1,-1,-1,-1
189,207,1346,184,102,79,1,-1,-1,-1
189,208,1711,382,196,156,1,-1,-1,-1
190,110,634,457,234,272,1,-1,-1,-1
190,111,740,297,135,133,1,-1,-1,-1
190,112,823,193,96,73,1,-1,-1,-1
190,113,407,114,341,420,1,-1,-1,-1
190,133,1457,229,92,96,1,-1,-1,-1
190,134,1646,269,138,111,1,-1,-1,-1
190,206,1432,172,101,88,1,-1,-1,-1
190,207,1340,181,101,78,1,-1,-1,-1
190,208,1684,368,191,151,1,-1,-1,-1
191,110,601,506,264,289,1,-1,-1,-1
191,111,732,304,141,142,1,-1,-1,-1
191,112,815,197,103,76,1,-1,-1,-1
191,113,378,118,362,450,1,-1,-1,-1
191,133,1440,223,113,106,1,-1,-1,-1
191,134,1621,256,135,105,1,-1,-1,-1
191,206,1426,169,99,87,1,-1,-1,-1
191,207,1335,179,100,77,1,-1,-1,-1
191,208,1659,354,187,146,1,-1,-1,-1
192,110,585,565,279,300,1,-1,-1,-1
192,111,723,314,146,136,1,-1,-1,-1
192,112,809,198,108,80,1,-1,-1,-1
192,113,349,121,384,479,1,-1,-1,-1
192,133,1433,222,108,97,1,-1,-1,-1
192,134,1614,254,127,100,1,-1,-1,-1
192,206,1419,165,97,86,1,-1,-1,-1
192,207,1330,176,99,77,1,-1,-1,-1
192,208,1632,341,183,141,1,-1,-1,-1
193,110,556,637,307,300,1,-1,-1,-1
193,111,716,333,147,151,1,-1,-1,-1
193,112,804,203,103,88,1,-1,-1,-1
193,113,321,126,405,508,1,-1,-1,-1
193,133,1424,215,90,91,1,-1,-1,-1
193,134,1588,243,125,102,1,-1,-1,-1
193,206,1412,162,96,85,1,-1,-1,-1
193,207,1325,173,98,76,1,-1,-1,-1
193,208,1605,327,178,135,1,-1,-1,-1
194,110,545,637,316,326,1,-1,-1,-1
194,111,712,344,149,145,1,-1,-1,-1
194,112,801,206,106,90,1,-1,-1,-1
194,113,292,130,427,538,1,-1,-1,-1
194,133,1411,210,101,90,1,-1,-1,-1
194,134,1579,241,125,97,1,-1,-1,-1
194,207,1319,170,97,75,1,-1,-1,-1
194,208,1579,313,174,131,1,-1,-1,-1
194,214,714,159,98,96,1,-1,-1,-1
195,111,701,363,161,165,1,-1,-1,-1
195,112,799,212,106,89,1,-1,-1,-1
195,113,263,134,448,568,1,-1,-1,-1
195,133,1405,207,96,87,1,-1,-1,-1
195,134,1587,242,98,90,1,-1,-1,-1
195,206,1398,156,91,83,1,-1,-1,-1
195,207,1314,167,96,74,1,-1,-1,-1
195,208,1552,299,169,125,1,-1,-1,-1
195,214,705,163,100,97,1,-1,-1,-1
196,111,684,398,171,161,1,-1,-1,-1
196,112,792,221,107,89,1,-1,-1,-1
196,113,234,138,470,597,1,-1,-1,-1
196,134,1559,228,105,90,1,-1,-1,-1
196,206,1391,153,89,81,1,-1,-1,-1
196,207,1309,164,96,74,1,-1,-1,-1
196,208,1527,286,165,121,1,-1,-1,-1
196,214,698,168,102,98,1,-1,-1,-1
197,111,680,397,174,177,1,-1,-1,-1
197,112,787,225,112,95,1,-1,-1,-1
197,113,205,142,491,626,1,-1,-1,-1
197,133,1385,183,89,95,1,-1,-1,-1
197,134,1550,224,108,87,1,-1,-1,-1
197,208,1514,279,160,118,1,-1,-1,-1
197,214,691,172,105,100,1,-1,-1,-1
198,111,668,402,190,223,1,-1,-1,-1
198,112,783,238,107,95,1,-1,-1,-1
198,113,176,146,512,656,1,-1,-1,-1
198,133,1379,182,92,96,1,-1,-1,-1
198,134,1548,221,97,83,1,-1,-1,-1
198,208,1501,272,155,114,1,-1,-1,-1
198,213,855,147,88,83,1,-1,-1,-1
198,214,683,177,107,101,1,-1,-1,-1
199,111,652,444,206,228,1,-1,-1,-1
199,112,779,241,110,98,1,-1,-1,-1
199,113,148,150,534,685,1,-1,-1,-1
199,133,1371,178,92,92,1,-1,-1,-1
199,208,1489,265,151,111,1,-1,-1,-1
199,213,850,151,89,84,1,-1,-1,-1
199,214,676,181,109,102,1,-1,-1,-1
200,111,638,460,221,240,1,-1,-1,-1
200,112,772,249,117,96,1,-1,-1,-1
200,113,119,154,554,715,1,-1,-1,-1
200,133,1364,174,95,94,1,-1,-1,-1
200,208,1476,258,146,108,1,-1,-1,-1
200,213,845,155,91,85,1,-1,-1,-1
200,214,669,186,111,105,1,-1,-1,-1
201,111,598,513,264,239,1,-1,-1,-1
201,112,768,253,119,106,1,-1,-1,-1
201,113,90,158,576,744,1,-1,-1,-1
201,208,1465,251,142,105,1,-1,-1,-1
201,213,841,160,92,86,1,-1,-1,-1
201,214,661,191,113,106,1,-1,-1,-1
202,111,599,522,257,264,1,-1,-1,-1
202,112,764,260,120,107,1,-1,-1,-1
202,113,61,162,597,773,1,-1,-1,-1
202,208,1452,244,138,101,1,-1,-1,-1
202,213,836,164,95,87,1,-1,-1,-1
202,214,654,196,116,107,1,-1,-1,-1
203,111,574,568,282,299,1,-1,-1,-1
203,112,756,275,124,110,1,-1,-1,-1
203,113,32,166,619,803,1,-1,-1,-1
203,208,1440,238,133,98,1,-1,-1,-1
203,213,832,169,97,88,1,-1,-1,-1
203,214,647,200,118,109,1,-1,-1,-1
204,111,552,611,304,340,1,-1,-1,-1
204,112,752,284,129,113,1,-1,-1,-1
204,113,3,170,640,833,1,-1,-1,-1
204,208,1427,231,129,95,1,-1,-1,-1
204,213,827,173,98,89,1,-1,-1,-1
204,214,639,205,120,110,1,-1,-1,-1
205,111,531,654,327,381,1,-1,-1,-1
205,112,745,290,125,119,1,-1,-1,-1
205,113,0,175,643,862,1,-1,-1,-1
205,208,1415,224,124,91,1,-1,-1,-1
205,213,822,177,100,90,1,-1,-1,-1
205,214,631,210,123,111,1,-1,-1,-1
206,112,740,310,128,120,1,-1,-1,-1
206,208,1403,217,120,88,1,-1,-1,-1
206,213,817,182,101,91,1,-1,-1,-1
206,214,624,215,125,113,1,-1,-1,-1
207,112,734,321,130,120,1,-1,-1,-1
207,135,1729,382,188,151,1,-1,-1,-1
207,208,1391,210,116,85,1,-1,-1,-1
207,213,813,186,103,92,1,-1,-1,-1
207,214,616,219,128,114,1,-1,-1,-1
208,112,726,339,136,132,1,-1,-1,-1
208,135,1701,369,184,133,1,-1,-1,-1
208,208,1383,205,113,84,1,-1,-1,-1
208,213,808,191,106,94,1,-1,-1,-1
208,214,609,224,130,116,1,-1,-1,-1
209,112,718,348,140,136,1,-1,-1,-1
209,135,1673,357,161,116,1,-1,-1,-1
209,208,1376,201,111,83,1,-1,-1,-1
209,213,804,195,107,95,1,-1,-1,-1
209,214,602,229,132,118,1,-1,-1,-1
210,112,706,371,150,146,1,-1,-1,-1
210,135,1629,329,168,113,1,-1,-1,-1
210,208,1369,197,110,81,1,-1,-1,-1
210,213,799,199,109,96,1,-1,-1,-1
210,214,594,234,134,119,1,-1,-1,-1
211,112,693,386,154,136,1,-1,-1,-1
211,135,1603,325,158,108,1,-1,-1,-1
211,208,1362,193,108,80,1,-1,-1,-1
211,213,795,204,110,97,1,-1,-1,-1
211,214,587,238,136,120,1,-1,-1,-1
212,112,687,414,163,142,1,-1,-1,-1
212,135,1590,314,167,111,1,-1,-1,-1
212,208,1355,189,106,79,1,-1,-1,-1
212,213,790,208,112,98,1,-1,-1,-1
212,214,580,242,139,122,1,-1,-1,-1
213,112,678,445,171,147,1,-1,-1,-1
213,135,1565,304,155,114,1,-1,-1,-1
213,208,1348,185,105,78,1,-1,-1,-1
213,213,786,213,114,99,1,-1,-1,-1
213,214,572,247,141,123,1,-1,-1,-1
214,112,673,461,173,133,1,-1,-1,-1
214,135,1535,287,145,106,1,-1,-1,-1
214,208,1341,182,102,77,1,-1,-1,-1
214,213,779,218,118,105,1,-1,-1,-1
214,214,565,252,143,124,1,-1,-1,-1
215,112,653,474,200,219,1,-1,-1,-1
215,135,1524,278,146,107,1,-1,-1,-1
215,208,1334,178,100,76,1,-1,-1,-1
215,213,773,225,121,110,1,-1,-1,-1
215,214,557,257,146,127,1,-1,-1,-1
216,112,627,529,248,221,1,-1,-1,-1
216,135,1503,270,136,107,1,-1,-1,-1
216,208,1328,174,99,76,1,-1,-1,-1
216,213,766,231,124,117,1,-1,-1,-1
216,214,542,267,151,132,1,-1,-1,-1
217,112,612,551,264,210,1,-1,-1,-1
217,135,1496,259,128,96,1,-1,-1,-1
217,213,760,237,128,122,1,-1,-1,-1
217,214,528,277,156,139,1,-1,-1,-1
218,112,590,599,263,249,1,-1,-1,-1
218,135,1474,253,125,87,1,-1,-1,-1
218,213,754,243,132,128,1,-1,-1,-1
218,214,514,286,161,145,1,-1,-1,-1
219,112,566,659,287,263,1,-1,-1,-1
219,135,1465,246,123,88,1,-1,-1,-1
219,213,748,250,135,134,1,-1,-1,-1
219,214,498,296,166,152,1,-1,-1,-1
220,112,549,729,296,274,1,-1,-1,-1
220,135,1453,236,105,83,1,-1,-1,-1
220,213,742,256,139,140,1,-1,-1,-1
220,214,484,306,171,157,1,-1,-1,-1
221,135,1440,230,116,87,1,-1,-1,-1
221,213,736,262,142,145,1,-1,-1,-1
221,214,470,316,176,164,1,-1,-1,-1
222,135,1433,227,109,83,1,-1,-1,-1
222,213,729,269,146,152,1,-1,-1,-1
222,214,455,325,180,171,1,-1,-1,-1
223,135,1417,219,102,80,1,-1,-1,-1
223,213,720,284,151,157,1,-1,-1,-1
223,214,441,335,186,177,1,-1,-1,-1
224,135,1409,215,106,80,1,-1,-1,-1
224,213,711,300,156,163,1,-1,-1,-1
224,214,426,345,190,183,1,-1,-1,-1
225,135,1401,211,100,79,1,-1,-1,-1
225,213,702,315,162,168,1,-1,-1,-1
225,214,411,354,196,189,1,-1,-1,-1
226,114,791,88,100,116,1,-1,-1,-1
226,135,1397,201,97,78,1,-1,-1,-1
226,213,692,331,167,174,1,-1,-1,-1
226,214,397,364,200,196,1,-1,-1,-1
227,114,786,87,101,120,1,-1,-1,-1
227,135,1386,201,92,75,1,-1,-1,-1
227,213,683,347,173,179,1,-1,-1,-1
227,214,383,375,206,202,1,-1,-1,-1
228,114,780,87,102,123,1,-1,-1,-1
228,135,1379,198,94,73,1,-1,-1,-1
228,213,675,363,178,186,1,-1,-1,-1
228,214,359,394,213,215,1,-1,-1,-1
229,114,775,89,102,125,1,-1,-1,-1
229,213,663,383,188,200,1,-1,-1,-1
229,214,337,414,221,227,1,-1,-1,-1
230,114,769,90,105,127,1,-1,-1,-1
230,213,652,403,198,216,1,-1,-1,-1
230,214,315,434,229,239,1,-1,-1,-1
231,114,764,90,109,129,1,-1,-1,-1
231,213,641,424,208,231,1,-1,-1,-1
231,214,292,454,237,251,1,-1,-1,-1
232,114,758,93,113,127,1,-1,-1,-1
232,213,629,444,219,246,1,-1,-1,-1
232,214,270,474,245,263,1,-1,-1,-1
233,114,752,97,113,125,1,-1,-1,-1
233,213,603,487,245,273,1,-1,-1,-1
233,214,221,510,267,285,1,-1,-1,-1
234,114,749,97,112,128,1,-1,-1,-1
234,213,578,529,272,299,1,-1,-1,-1
234,214,172,546,290,307,1,-1,-1,-1
235,114,745,95,110,133,1,-1,-1,-1
235,213,551,573,298,326,1,-1,-1,-1
235,214,123,583,312,329,1,-1,-1,-1
236,114,740,95,108,136,1,-1,-1,-1
236,213,526,616,325,352,1,-1,-1,-1
236,214,74,619,336,351,1,-1,-1,-1
237,114,732,97,109,134,1,-1,-1,-1
237,213,500,659,351,378,1,-1,-1,-1
237,214,25,655,358,373,1,-1,-1,-1
238,114,721,112,122,129,1,-1,-1,-1
238,213,475,704,377,376,1,-1,-1,-1
238,214,0,692,374,388,1,-1,-1,-1
239,114,718,111,121,131,1,-1,-1,-1
240,114,714,114,121,131,1,-1,-1,-1
241,114,709,118,121,131,1,-1,-1,-1
242,114,705,121,121,131,1,-1,-1,-1
243,114,687,105,132,156,1,-1,-1,-1
244,114,679,107,138,160,1,-1,-1,-1
245,114,673,108,140,163,1,-1,-1,-1
246,114,662,109,144,169,1,-1,-1,-1
246,136,1740,300,176,134,1,-1,-1,-1
247,114,657,109,144,174,1,-1,-1,-1
247,136,1707,284,173,127,1,-1,-1,-1
248,114,652,110,143,177,1,-1,-1,-1
248,136,1689,276,168,125,1,-1,-1,-1
249,114,645,111,141,179,1,-1,-1,-1
249,136,1671,268,165,124,1,-1,-1,-1
250,114,638,123,142,177,1,-1,-1,-1
250,136,1653,260,162,122,1,-1,-1,-1
251,114,626,125,142,184,1,-1,-1,-1
251,136,1634,253,157,121,1,-1,-1,-1
252,114,619,125,144,191,1,-1,-1,-1
252,136,1610,250,154,114,1,-1,-1,-1
253,114,611,129,147,195,1,-1,-1,-1
253,136,1603,243,146,114,1,-1,-1,-1
254,114,603,128,151,200,1,-1,-1,-1
254,136,1580,235,146,114,1,-1,-1,-1
255,114,596,129,155,205,1,-1,-1,-1
255,136,1573,231,140,112,1,-1,-1,-1
255,219,733,146,119,91,1,-1,-1,-1
256,114,580,129,158,211,1,-1,-1,-1
256,136,1564,229,138,111,1,-1,-1,-1
256,219,725,150,121,94,1,-1,-1,-1
257,114,568,148,175,209,1,-1,-1,-1
257,136,1545,219,133,108,1,-1,-1,-1
257,219,716,154,123,96,1,-1,-1,-1
258,114,559,151,177,211,1,-1,-1,-1
258,136,1539,218,124,99,1,-1,-1,-1
258,219,708,159,127,98,1,-1,-1,-1
259,114,551,155,174,220,1,-1,-1,-1
259,136,1513,206,134,110,1,-1,-1,-1
259,219,700,162,129,100,1,-1,-1,-1
260,114,540,160,177,229,1,-1,-1,-1
260,136,1506,201,129,113,1,-1,-1,-1
260,219,693,166,132,102,1,-1,-1,-1
261,114,526,162,184,242,1,-1,-1,-1
261,136,1496,199,130,105,1,-1,-1,-1
261,219,685,171,134,105,1,-1,-1,-1
262,114,508,169,197,246,1,-1,-1,-1
262,136,1492,196,125,105,1,-1,-1,-1
262,219,677,175,138,107,1,-1,-1,-1
263,114,494,176,208,251,1,-1,-1,-1
263,136,1474,194,129,94,1,-1,-1,-1
263,219,669,179,140,109,1,-1,-1,-1
264,114,471,175,222,266,1,-1,-1,-1
264,136,1466,191,127,94,1,-1,-1,-1
264,219,662,184,143,111,1,-1,-1,-1
265,114,454,193,235,272,1,-1,-1,-1
265,136,1466,189,112,89,1,-1,-1,-1
265,219,653,188,145,113,1,-1,-1,-1
266,114,437,192,240,285,1,-1,-1,-1
266,136,1454,183,103,92,1,-1,-1,-1
266,219,645,192,149,117,1,-1,-1,-1
267,114,416,197,250,297,1,-1,-1,-1
267,136,1446,182,112,90,1,-1,-1,-1
267,219,637,197,151,119,1,-1,-1,-1
268,114,398,203,260,309,1,-1,-1,-1
268,136,1436,180,117,86,1,-1,-1,-1
268,219,630,201,154,121,1,-1,-1,-1
269,114,371,213,265,326,1,-1,-1,-1
269,136,1429,177,118,85,1,-1,-1,-1
269,219,622,204,156,123,1,-1,-1,-1
270,114,358,247,266,317,1,-1,-1,-1
270,136,1427,174,111,85,1,-1,-1,-1
270,219,614,209,160,125,1,-1,-1,-1
271,114,330,241,285,345,1,-1,-1,-1
271,136,1419,170,103,87,1,-1,-1,-1
271,219,606,213,162,128,1,-1,-1,-1
272,114,306,222,307,410,1,-1,-1,-1
272,136,1415,170,101,84,1,-1,-1,-1
272,219,599,217,165,130,1,-1,-1,-1
273,114,259,228,326,440,1,-1,-1,-1
273,136,1412,165,94,76,1,-1,-1,-1
273,219,590,222,167,132,1,-1,-1,-1
274,114,233,267,337,441,1,-1,-1,-1
274,136,1407,165,94,73,1,-1,-1,-1
274,219,582,226,171,134,1,-1,-1,-1
275,114,213,269,344,474,1,-1,-1,-1
275,219,574,230,173,136,1,-1,-1,-1
276,114,161,273,358,507,1,-1,-1,-1
276,219,567,235,176,140,1,-1,-1,-1
277,114,128,300,378,551,1,-1,-1,-1
277,219,551,245,183,145,1,-1,-1,-1
278,114,53,352,425,574,1,-1,-1,-1
278,115,724,169,97,87,1,-1,-1,-1
278,219,534,256,190,152,1,-1,-1,-1
279,114,0,368,475,622,1,-1,-1,-1
279,115,716,174,98,88,1,-1,-1,-1
279,219,519,267,197,158,1,-1,-1,-1
280,115,708,179,100,89,1,-1,-1,-1
280,219,503,279,205,165,1,-1,-1,-1
281,115,700,184,102,90,1,-1,-1,-1
281,219,487,289,211,172,1,-1,-1,-1
282,115,693,189,105,91,1,-1,-1,-1
282,219,471,300,219,178,1,-1,-1,-1
283,115,686,195,107,94,1,-1,-1,-1
283,219,456,311,226,185,1,-1,-1,-1
284,115,678,200,108,95,1,-1,-1,-1
284,219,439,322,233,191,1,-1,-1,-1
285,115,671,205,110,96,1,-1,-1,-1
285,219,424,333,240,198,1,-1,-1,-1
286,115,664,210,112,97,1,-1,-1,-1
286,219,408,344,248,205,1,-1,-1,-1
287,115,656,216,114,99,1,-1,-1,-1
287,219,392,355,255,211,1,-1,-1,-1
288,115,649,220,117,100,1,-1,-1,-1
288,219,362,377,270,229,1,-1,-1,-1
289,115,642,225,119,101,1,-1,-1,-1
289,212,1743,315,174,138,1,-1,-1,-1
289,219,331,399,284,248,1,-1,-1,-1
290,115,634,230,120,102,1,-1,-1,-1
290,212,1722,306,180,134,1,-1,-1,-1
290,219,300,420,298,266,1,-1,-1,-1
291,115,626,236,122,105,1,-1,-1,-1
291,212,1702,298,176,131,1,-1,-1,-1
291,219,270,442,312,285,1,-1,-1,-1
292,115,619,241,124,106,1,-1,-1,-1
292,212,1682,290,172,128,1,-1,-1,-1
292,219,239,463,327,304,1,-1,-1,-1
293,115,611,246,127,107,1,-1,-1,-1
293,212,1662,281,167,124,1,-1,-1,-1
293,219,209,485,341,322,1,-1,-1,-1
294,115,604,251,129,108,1,-1,-1,-1
294,212,1643,274,163,121,1,-1,-1,-1
294,219,151,526,376,354,1,-1,-1,-1
295,115,597,257,131,110,1,-1,-1,-1
295,212,1623,266,158,118,1,-1,-1,-1
295,219,93,566,411,387,1,-1,-1,-1
296,115,584,268,135,114,1,-1,-1,-1
296,212,1603,258,154,116,1,-1,-1,-1
296,219,36,607,447,419,1,-1,-1,-1
297,115,571,279,140,119,1,-1,-1,-1
297,212,1590,251,151,113,1,-1,-1,-1
297,219,0,649,470,431,1,-1,-1,-1
298,115,557,290,145,123,1,-1,-1,-1
298,212,1577,245,147,112,1,-1,-1,-1
299,115,544,301,150,128,1,-1,-1,-1
299,212,1565,239,144,110,1,-1,-1,-1
300,115,531,312,155,132,1,-1,-1,-1
300,212,1553,233,141,109,1,-1,-1,-1
301,115,518,324,160,136,1,-1,-1,-1
301,212,1540,227,138,107,1,-1,-1,-1
302,115,505,335,165,141,1,-1,-1,-1
302,212,1528,221,134,106,1,-1,-1,-1
303,115,491,345,169,145,1,-1,-1,-1
303,212,1515,215,131,103,1,-1,-1,-1
304,115,478,357,175,150,1,-1,-1,-1
304,212,1502,209,128,102,1,-1,-1,-1
305,115,465,368,179,154,1,-1,-1,-1
305,212,1490,203,125,101,1,-1,-1,-1
306,115,453,380,185,160,1,-1,-1,-1
306,212,1484,201,123,99,1,-1,-1,-1
307,115,426,401,196,173,1,-1,-1,-1
307,212,1479,198,121,98,1,-1,-1,-1
308,115,401,423,207,186,1,-1,-1,-1
308,212,1474,196,119,97,1,-1,-1,-1
308,215,1744,307,173,175,1,-1,-1,-1
309,115,375,444,218,199,1,-1,-1,-1
309,212,1468,193,118,95,1,-1,-1,-1
309,215,1723,298,190,169,1,-1,-1,-1
310,115,350,465,229,212,1,-1,-1,-1
310,212,1462,191,116,94,1,-1,-1,-1
310,215,1705,290,185,165,1,-1,-1,-1
311,115,324,487,240,226,1,-1,-1,-1
311,212,1457,188,113,92,1,-1,-1,-1
311,215,1685,281,180,160,1,-1,-1,-1
312,115,299,508,252,239,1,-1,-1,-1
312,212,1451,186,112,91,1,-1,-1,-1
312,215,1666,273,175,155,1,-1,-1,-1
313,115,247,548,279,264,1,-1,-1,-1
313,212,1445,183,110,89,1,-1,-1,-1
313,215,1647,264,169,151,1,-1,-1,-1
314,115,196,588,307,289,1,-1,-1,-1
314,212,1440,181,108,88,1,-1,-1,-1
314,215,1628,255,165,145,1,-1,-1,-1
315,115,145,628,334,316,1,-1,-1,-1
315,137,1719,382,198,138,1,-1,-1,-1
315,212,1434,178,106,87,1,-1,-1,-1
315,215,1609,247,160,141,1,-1,-1,-1
316,115,94,668,362,341,1,-1,-1,-1
316,137,1688,378,194,124,1,-1,-1,-1
316,212,1428,176,105,85,1,-1,-1,-1
316,215,1590,239,154,136,1,-1,-1,-1
317,115,42,707,391,367,1,-1,-1,-1
317,137,1635,343,162,131,1,-1,-1,-1
317,212,1423,173,102,84,1,-1,-1,-1
317,215,1570,230,150,131,1,-1,-1,-1
318,137,1602,323,158,119,1,-1,-1,-1
318,212,1417,171,100,83,1,-1,-1,-1
318,215,1551,221,144,127,1,-1,-1,-1
319,137,1567,313,160,119,1,-1,-1,-1
319,212,1412,168,99,81,1,-1,-1,-1
319,215,1533,213,140,122,1,-1,-1,-1
320,137,1560,305,155,121,1,-1,-1,-1
320,212,1407,166,97,79,1,-1,-1,-1
321,137,1532,287,145,118,1,-1,-1,-1
321,212,1401,163,95,78,1,-1,-1,-1
322,137,1506,279,140,112,1,-1,-1,-1
322,212,1395,162,92,77,1,-1,-1,-1
323,137,1499,272,133,111,1,-1,-1,-1
323,212,1390,159,91,75,1,-1,-1,-1
324,116,776,133,88,83,1,-1,-1,-1
324,137,1479,248,119,112,1,-1,-1,-1
325,116,770,133,94,87,1,-1,-1,-1
325,137,1467,247,123,107,1,-1,-1,-1
326,116,763,141,89,79,1,-1,-1,-1
326,137,1442,236,122,107,1,-1,-1,-1
327,116,759,142,90,84,1,-1,-1,-1
327,137,1433,234,121,103,1,-1,-1,-1
328,116,752,144,91,85,1,-1,-1,-1
328,137,1413,214,116,107,1,-1,-1,-1
328,217,1694,362,226,180,1,-1,-1,-1
329,116,744,147,95,86,1,-1,-1,-1
329,137,1403,221,117,91,1,-1,-1,-1
329,217,1667,348,238,174,1,-1,-1,-1
330,116,737,148,99,91,1,-1,-1,-1
330,137,1395,215,116,89,1,-1,-1,-1
330,217,1643,335,229,168,1,-1,-1,-1
331,116,734,149,97,96,1,-1,-1,-1
331,137,1386,207,94,90,1,-1,-1,-1
331,217,1617,323,220,162,1,-1,-1,-1
332,116,724,148,95,101,1,-1,-1,-1
332,137,1377,204,100,91,1,-1,-1,-1
332,217,1592,310,211,156,1,-1,-1,-1
333,116,716,150,100,101,1,-1,-1,-1
333,137,1366,196,106,88,1,-1,-1,-1
333,217,1567,297,201,150,1,-1,-1,-1
334,116,709,153,103,102,1,-1,-1,-1
334,137,1362,194,101,88,1,-1,-1,-1
334,217,1542,284,193,144,1,-1,-1,-1
335,116,700,160,106,105,1,-1,-1,-1
335,137,1355,183,85,87,1,-1,-1,-1
335,217,1517,272,184,138,1,-1,-1,-1
336,116,692,156,109,118,1,-1,-1,-1
336,137,1349,179,91,85,1,-1,-1,-1
336,217,1492,259,175,132,1,-1,-1,-1
337,116,687,161,111,116,1,-1,-1,-1
337,137,1343,177,89,80,1,-1,-1,-1
337,217,1476,250,169,129,1,-1,-1,-1
338,116,677,172,110,109,1,-1,-1,-1
338,137,1329,167,90,83,1,-1,-1,-1
338,217,1462,241,164,125,1,-1,-1,-1
339,116,668,180,113,107,1,-1,-1,-1
339,217,1447,232,158,122,1,-1,-1,-1
340,116,658,183,118,110,1,-1,-1,-1
340,216,1529,178,391,276,1,-1,-1,-1
340,217,1432,224,153,119,1,-1,-1,-1
341,116,653,184,117,113,1,-1,-1,-1
341,216,1519,174,401,270,1,-1,-1,-1
341,217,1417,215,147,116,1,-1,-1,-1
342,116,645,193,120,116,1,-1,-1,-1
342,216,1509,169,394,263,1,-1,-1,-1
342,217,1410,211,144,113,1,-1,-1,-1
343,116,630,209,123,109,1,-1,-1,-1
343,216,1500,164,381,256,1,-1,-1,-1
343,217,1404,207,141,111,1,-1,-1,-1
344,116,621,214,127,114,1,-1,-1,-1
344,216,1490,161,366,250,1,-1,-1,-1
344,217,1397,203,138,109,1,-1,-1,-1
345,116,614,217,125,117,1,-1,-1,-1
345,216,1481,156,353,243,1,-1,-1,-1
345,217,1391,200,135,108,1,-1,-1,-1
346,116,595,233,128,121,1,-1,-1,-1
346,216,1472,151,340,237,1,-1,-1,-1
346,217,1384,196,132,106,1,-1,-1,-1
347,116,586,238,135,125,1,-1,-1,-1
347,216,1462,147,327,230,1,-1,-1,-1
347,217,1377,192,129,103,1,-1,-1,-1
348,116,576,244,136,123,1,-1,-1,-1
348,216,1453,143,312,223,1,-1,-1,-1
348,217,1370,188,127,102,1,-1,-1,-1
349,116,563,260,142,134,1,-1,-1,-1
349,216,1443,138,299,217,1,-1,-1,-1
349,217,1364,185,123,100,1,-1,-1,-1
350,116,542,270,153,133,1,-1,-1,-1
350,216,1434,133,286,210,1,-1,-1,-1
350,217,1358,182,120,98,1,-1,-1,-1
351,116,531,273,156,132,1,-1,-1,-1
351,216,1426,130,273,205,1,-1,-1,-1
351,217,1351,178,118,97,1,-1,-1,-1
352,116,502,309,163,133,1,-1,-1,-1
352,216,1422,128,267,201,1,-1,-1,-1
352,217,1344,174,114,95,1,-1,-1,-1
353,116,491,307,169,142,1,-1,-1,-1
353,216,1418,127,263,198,1,-1,-1,-1
353,217,1338,171,111,92,1,-1,-1,-1
354,116,479,326,168,158,1,-1,-1,-1
354,216,1414,125,259,195,1,-1,-1,-1
354,217,1331,167,108,90,1,-1,-1,-1
355,116,454,312,180,226,1,-1,-1,-1
355,216,1410,124,254,193,1,-1,-1,-1
355,217,1324,163,106,89,1,-1,-1,-1
356,116,438,360,178,169,1,-1,-1,-1
356,216,1407,123,249,189,1,-1,-1,-1
356,217,1317,159,102,87,1,-1,-1,-1
357,116,401,374,196,226,1,-1,-1,-1
357,216,1403,122,244,186,1,-1,-1,-1
357,217,1312,156,99,85,1,-1,-1,-1
358,116,358,386,240,234,1,-1,-1,-1
358,216,1399,121,240,184,1,-1,-1,-1
358,217,1305,152,97,84,1,-1,-1,-1
359,116,338,396,246,239,1,-1,-1,-1
359,216,1395,119,235,180,1,-1,-1,-1
359,217,1298,148,94,81,1,-1,-1,-1
360,116,280,439,274,266,1,-1,-1,-1
360,216,1392,118,231,177,1,-1,-1,-1
360,217,1291,144,90,79,1,-1,-1,-1
361,116,262,453,274,268,1,-1,-1,-1
361,216,1388,117,226,175,1,-1,-1,-1
361,217,1285,141,88,78,1,-1,-1,-1
362,116,200,512,306,285,1,-1,-1,-1
362,216,1384,115,221,172,1,-1,-1,-1
363,116,160,564,318,307,1,-1,-1,-1
363,216,1380,114,217,168,1,-1,-1,-1
364,116,80,628,360,330,1,-1,-1,-1
364,216,1376,113,212,165,1,-1,-1,-1
365,216,1373,112,207,163,1,-1,-1,-1
366,216,1369,111,202,160,1,-1,-1,-1
367,216,1365,109,198,156,1,-1,-1,-1
368,216,1361,108,194,154,1,-1,-1,-1
369,216,1357,106,189,151,1,-1,-1,-1
370,216,1354,105,184,147,1,-1,-1,-1
371,216,1350,104,179,145,1,-1,-1,-1
372,216,1346,103,175,142,1,-1,-1,-1
373,216,1342,102,171,139,1,-1,-1,-1
374,216,1338,101,166,136,1,-1,-1,-1
384,218,1524,129,396,304,1,-1,-1,-1
385,218,1515,128,392,297,1,-1,-1,-1
386,218,1507,126,382,290,1,-1,-1,-1
387,218,1498,124,372,285,1,-1,-1,-1
388,218,1490,122,362,278,1,-1,-1,-1
389,218,1481,121,352,273,1,-1,-1,-1
390,218,1472,119,342,266,1,-1,-1,-1
391,218,1464,117,333,261,1,-1,-1,-1
392,218,1455,115,323,254,1,-1,-1,-1
393,218,1447,114,314,249,1,-1,-1,-1
394,218,1438,112,304,242,1,-1,-1,-1
395,218,1430,110,294,237,1,-1,-1,-1
396,218,1421,109,284,230,1,-1,-1,-1
397,218,1413,108,275,224,1,-1,-1,-1
398,218,1409,106,268,220,1,-1,-1,-1
399,218,1405,104,263,217,1,-1,-1,-1
400,218,1402,103,257,213,1,-1,-1,-1
401,218,1399,101,252,210,1,-1,-1,-1
402,218,1395,101,246,207,1,-1,-1,-1
403,218,1392,99,240,204,1,-1,-1,-1
404,218,1388,98,234,200,1,-1,-1,-1
405,139,1750,327,164,116,1,-1,-1,-1
405,218,1385,96,229,196,1,-1,-1,-1
406,139,1707,319,180,110,1,-1,-1,-1
406,218,1382,95,223,193,1,-1,-1,-1
407,139,1706,306,165,121,1,-1,-1,-1
407,218,1378,93,218,189,1,-1,-1,-1
408,139,1679,293,153,113,1,-1,-1,-1
408,218,1374,93,211,186,1,-1,-1,-1
409,139,1669,288,152,109,1,-1,-1,-1
409,218,1372,91,206,183,1,-1,-1,-1
410,139,1647,280,141,108,1,-1,-1,-1
410,218,1368,90,200,179,1,-1,-1,-1
411,139,1636,270,140,112,1,-1,-1,-1
411,218,1364,88,195,176,1,-1,-1,-1
412,139,1613,260,133,107,1,-1,-1,-1
412,218,1361,87,189,173,1,-1,-1,-1
413,139,1603,256,134,103,1,-1,-1,-1
414,139,1583,249,131,105,1,-1,-1,-1
415,139,1573,240,128,109,1,-1,-1,-1
416,139,1556,238,123,101,1,-1,-1,-1
417,139,1551,236,120,98,1,-1,-1,-1
418,139,1541,229,121,95,1,-1,-1,-1
419,139,1544,225,101,96,1,-1,-1,-1
420,139,1516,220,121,98,1,-1,-1,-1
421,139,1506,218,123,92,1,-1,-1,-1
422,139,1500,215,120,89,1,-1,-1,-1
423,139,1493,207,103,94,1,-1,-1,-1
424,139,1487,204,107,95,1,-1,-1,-1
425,139,1486,203,98,90,1,-1,-1,-1
426,139,1473,199,100,84,1,-1,-1,-1
427,139,1470,198,99,84,1,-1,-1,-1
428,139,1462,191,95,84,1,-1,-1,-1
429,139,1457,188,97,83,1,-1,-1,-1
430,139,1453,187,95,80,1,-1,-1,-1
431,139,1445,186,95,78,1,-1,-1,-1
432,139,1439,182,97,80,1,-1,-1,-1
433,139,1435,179,95,80,1,-1,-1,-1
434,139,1426,178,91,77,1,-1,-1,-1
435,139,1423,175,91,78,1,-1,-1,-1
436,139,1420,175,89,76,1,-1,-1,-1
452,117,848,97,112,128,1,-1,-1,-1
453,117,844,98,110,130,1,-1,-1,-1
454,117,839,98,112,129,1,-1,-1,-1
455,117,834,100,114,127,1,-1,-1,-1
456,117,824,121,127,114,1,-1,-1,-1
456,140,1693,373,194,139,1,-1,-1,-1
457,117,824,121,119,124,1,-1,-1,-1
457,140,1657,348,190,135,1,-1,-1,-1
458,117,819,121,120,131,1,-1,-1,-1
458,140,1623,338,191,135,1,-1,-1,-1
459,117,813,124,120,132,1,-1,-1,-1
459,140,1614,335,191,127,1,-1,-1,-1
460,117,804,122,124,141,1,-1,-1,-1
460,140,1588,311,177,130,1,-1,-1,-1
461,117,794,120,131,149,1,-1,-1,-1
461,140,1560,302,166,128,1,-1,-1,-1
462,117,788,118,132,160,1,-1,-1,-1
462,140,1531,285,165,121,1,-1,-1,-1
463,117,778,119,135,165,1,-1,-1,-1
463,140,1525,276,157,123,1,-1,-1,-1
464,117,773,127,141,179,1,-1,-1,-1
464,140,1503,267,150,122,1,-1,-1,-1
465,117,769,129,141,186,1,-1,-1,-1
465,140,1497,254,139,120,1,-1,-1,-1
466,117,765,131,142,194,1,-1,-1,-1
466,140,1486,249,143,117,1,-1,-1,-1
467,117,759,133,141,199,1,-1,-1,-1
467,140,1467,243,132,113,1,-1,-1,-1
468,117,753,110,141,246,1,-1,-1,-1
468,140,1457,236,130,112,1,-1,-1,-1
469,117,743,132,150,241,1,-1,-1,-1
469,140,1437,225,132,106,1,-1,-1,-1
470,117,737,137,156,249,1,-1,-1,-1
470,140,1429,223,128,100,1,-1,-1,-1
471,117,721,153,167,249,1,-1,-1,-1
471,140,1422,219,122,99,1,-1,-1,-1
472,117,712,157,174,263,1,-1,-1,-1
472,140,1402,209,127,106,1,-1,-1,-1
473,117,702,156,182,283,1,-1,-1,-1
473,140,1391,212,128,91,1,-1,-1,-1
474,117,694,148,187,312,1,-1,-1,-1
474,140,1386,205,121,94,1,-1,-1,-1
475,117,667,182,210,315,1,-1,-1,-1
475,140,1380,201,106,94,1,-1,-1,-1
476,117,650,180,223,345,1,-1,-1,-1
476,140,1370,195,111,91,1,-1,-1,-1
477,117,633,190,238,359,1,-1,-1,-1
477,140,1362,192,110,89,1,-1,-1,-1
478,117,613,237,264,364,1,-1,-1,-1
478,118,706,172,101,88,1,-1,-1,-1
478,140,1358,187,107,89,1,-1,-1,-1
479,117,576,216,299,442,1,-1,-1,-1
479,118,698,176,108,89,1,-1,-1,-1
479,140,1353,180,88,86,1,-1,-1,-1
480,117,556,263,318,462,1,-1,-1,-1
480,118,693,178,110,92,1,-1,-1,-1
480,140,1346,180,96,84,1,-1,-1,-1
481,117,534,246,338,538,1,-1,-1,-1
481,118,692,183,102,92,1,-1,-1,-1
481,140,1340,179,96,79,1,-1,-1,-1
482,117,503,299,371,556,1,-1,-1,-1
482,118,680,186,102,99,1,-1,-1,-1
482,140,1333,175,96,79,1,-1,-1,-1
483,117,448,414,443,548,1,-1,-1,-1
483,118,673,188,110,101,1,-1,-1,-1
483,140,1329,172,94,79,1,-1,-1,-1
484,117,428,412,425,634,1,-1,-1,-1
484,118,661,192,116,113,1,-1,-1,-1
484,140,1323,164,95,79,1,-1,-1,-1
485,118,653,195,119,114,1,-1,-1,-1
486,118,648,200,120,117,1,-1,-1,-1
487,118,638,212,118,111,1,-1,-1,-1
488,118,630,219,121,111,1,-1,-1,-1
489,118,616,229,124,114,1,-1,-1,-1
490,118,608,232,127,118,1,-1,-1,-1
491,118,594,236,129,125,1,-1,-1,-1
492,118,585,241,134,133,1,-1,-1,-1
493,118,574,259,138,132,1,-1,-1,-1
494,118,563,265,143,138,1,-1,-1,-1
495,118,541,275,151,140,1,-1,-1,-1
496,118,527,295,155,140,1,-1,-1,-1
497,118,498,302,166,149,1,-1,-1,-1
498,118,485,328,169,146,1,-1,-1,-1
498,119,719,176,91,81,1,-1,-1,-1
499,118,476,328,171,162,1,-1,-1,-1
499,119,710,181,94,84,1,-1,-1,-1
500,118,442,355,185,167,1,-1,-1,-1
500,119,702,186,96,85,1,-1,-1,-1
501,118,437,360,177,174,1,-1,-1,-1
501,119,697,191,96,87,1,-1,-1,-1
502,118,394,377,200,212,1,-1,-1,-1
502,119,684,195,99,89,1,-1,-1,-1
503,118,354,395,238,220,1,-1,-1,-1
503,119,670,203,112,90,1,-1,-1,-1
504,118,278,433,289,248,1,-1,-1,-1
504,119,662,206,116,92,1,-1,-1,-1
505,118,279,447,262,257,1,-1,-1,-1
505,119,656,210,116,96,1,-1,-1,-1
506,118,241,473,299,241,1,-1,-1,-1
506,119,655,217,108,97,1,-1,-1,-1
507,118,187,511,305,283,1,-1,-1,-1
507,119,640,224,112,98,1,-1,-1,-1
508,118,96,581,364,288,1,-1,-1,-1
508,119,625,239,118,98,1,-1,-1,-1
509,118,1,604,463,420,1,-1,-1,-1
509,119,613,238,123,107,1,-1,-1,-1
510,118,8,653,402,389,1,-1,-1,-1
510,119,598,247,121,107,1,-1,-1,-1
511,119,586,255,127,109,1,-1,-1,-1
512,119,572,270,133,117,1,-1,-1,-1
513,119,549,282,140,116,1,-1,-1,-1
514,119,540,291,141,116,1,-1,-1,-1
515,119,524,306,146,127,1,-1,-1,-1
516,119,502,320,151,123,1,-1,-1,-1
517,119,487,342,160,130,1,-1,-1,-1
518,119,453,373,175,125,1,-1,-1,-1
519,119,446,374,172,143,1,-1,-1,-1
520,119,405,410,193,140,1,-1,-1,-1
520,142,1744,318,166,120,1,-1,-1,-1
521,119,407,413,177,151,1,-1,-1,-1
521,142,1712,309,163,116,1,-1,-1,-1
522,119,366,447,193,153,1,-1,-1,-1
522,142,1697,305,174,114,1,-1,-1,-1
523,119,282,469,270,209,1,-1,-1,-1
523,142,1673,288,155,110,1,-1,-1,-1
524,119,248,491,306,196,1,-1,-1,-1
524,142,1643,277,147,112,1,-1,-1,-1
525,119,213,548,337,208,1,-1,-1,-1
525,142,1631,270,153,112,1,-1,-1,-1
526,119,82,601,393,249,1,-1,-1,-1
526,142,1611,257,134,108,1,-1,-1,-1
527,119,38,672,393,254,1,-1,-1,-1
527,142,1582,249,134,107,1,-1,-1,-1
528,119,0,744,393,261,1,-1,-1,-1
528,142,1575,244,129,102,1,-1,-1,-1
529,142,1554,240,122,98,1,-1,-1,-1
530,142,1544,229,125,96,1,-1,-1,-1
531,142,1542,226,110,94,1,-1,-1,-1
532,142,1520,221,112,91,1,-1,-1,-1
533,142,1505,217,124,91,1,-1,-1,-1
534,142,1504,214,109,87,1,-1,-1,-1
535,142,1485,206,109,91,1,-1,-1,-1
536,142,1479,204,103,90,1,-1,-1,-1
537,142,1475,198,92,83,1,-1,-1,-1
538,142,1456,193,95,83,1,-1,-1,-1
539,142,1446,189,99,83,1,-1,-1,-1
540,142,1437,187,99,81,1,-1,-1,-1
541,142,1427,182,91,79,1,-1,-1,-1
542,142,1420,179,97,79,1,-1,-1,-1
543,142,1415,179,95,76,1,-1,-1,-1
544,142,1410,175,90,75,1,-1,-1,-1
545,142,1402,168,92,74,1,-1,-1,-1
598,156,751,141,99,88,1,-1,-1,-1
599,156,746,143,99,88,1,-1,-1,-1
600,156,741,145,100,89,1,-1,-1,-1
